0 0.29523611111111114 0.5088425925925926 0.005314814814814815 0.01599074074074074
0 0.30475 0.5326574074074074 0.0052824074074074075 0.019546296296296294
0 0.3733842592592593 0.4963703703703704 0.003986111111111111 0.01614814814814815
0 0.3905185185185185 0.4874074074074074 0.003967592592592593 0.015166666666666665
0 0.41107407407407404 0.48222222222222216 0.003888888888888889 0.01700925925925926
0 0.38628240740740744 0.57375 0.007694444444444445 0.03187962962962963
0 0.42280555555555555 0.5631111111111111 0.006875 0.026879629629629632
1 0.4459444444444444 0.5173981481481481 0.0019629629629629632 0.003944444444444444
0 0.4312870370370371 0.52225 0.006699074074074074 0.02110185185185185
0 0.43339814814814814 0.5065277777777777 0.004814814814814815 0.018833333333333334
0 0.45465277777777774 0.5216388888888889 0.006976851851851852 0.022601851851851852
0 0.4574212962962963 0.49174074074074076 0.0036944444444444446 0.015712962962962963
0 0.446125 0.4807592592592593 0.004157407407407407 0.014083333333333335
0 0.45994444444444443 0.48059259259259257 0.003805555555555556 0.015787037037037037
0 0.44500462962962967 0.4661666666666667 0.0032731481481481483 0.011342592592592593
0 0.4739259259259259 0.48479629629629634 0.003467592592592593 0.016055555555555556
0 0.5165277777777778 0.5763518518518519 0.01136574074074074 0.03232407407407407
0 0.5259444444444444 0.5516018518518518 0.0057546296296296295 0.03098148148148148
0 0.5093518518518518 0.5080740740740741 0.004009259259259259 0.025314814814814814
0 0.504162037037037 0.47358333333333336 0.0025694444444444445 0.011259259259259259
0 0.5064722222222222 0.4712037037037037 0.002648148148148148 0.010583333333333333
0 0.510537037037037 0.4823148148148148 0.006046296296296296 0.015833333333333335
0 0.48676851851851854 0.4645462962962963 0.003398148148148148 0.011509259259259259
0 0.5581342592592592 0.603574074074074 0.011222222222222222 0.03725925925925926
0 0.6246342592592593 0.48313888888888884 0.006402777777777778 0.016814814814814814