0 0.5857592592592593 0.4806203703703704 0.004902777777777778 0.016185185185185184
0 0.49813425925925925 0.6036111111111111 0.00549537037037037 0.036166666666666666
0 0.2824861111111111 0.5828796296296296 0.008624999999999999 0.026324074074074073
0 0.25855555555555554 0.5278518518518519 0.00650462962962963 0.018268518518518517
0 0.294375 0.5061851851851852 0.005740740740740741 0.016101851851851853
0 0.33096296296296296 0.5046111111111111 0.005157407407407407 0.016999999999999998
0 0.35904166666666665 0.49020370370370364 0.00438425925925926 0.01512962962962963
0 0.3619398148148148 0.4957870370370371 0.006652777777777777 0.01548148148148148
0 0.3623148148148148 0.5136481481481482 0.005907407407407407 0.016796296296296295
0 0.3342222222222222 0.4894166666666667 0.004259259259259259 0.012212962962962962
0 0.3548194444444444 0.5284722222222222 0.005712962962962963 0.020925925925925928
0 0.4022962962962963 0.47459259259259257 0.003564814814814815 0.011157407407407408
0 0.40251851851851855 0.5017962962962963 0.004958333333333334 0.017750000000000002
0 0.4193935185185185 0.4655 0.0025 0.010953703703703703
0 0.4250833333333333 0.47085185185185185 0.003472222222222222 0.01076851851851852
0 0.4255138888888889 0.4821296296296297 0.003958333333333334 0.014953703703703702
0 0.42865277777777777 0.533611111111111 0.005245370370370371 0.027472222222222224
0 0.4454537037037037 0.5240277777777779 0.005722222222222222 0.0225
0 0.43572685185185184 0.4905648148148148 0.00387962962962963 0.016055555555555556
0 0.37509722222222225 0.4679166666666667 0.0030277777777777777 0.010712962962962964
0 0.44631018518518517 0.4788981481481482 0.004013888888888889 0.014787037037037038
0 0.4584212962962963 0.4699907407407407 0.0027407407407407406 0.012240740740740741
0 0.4799907407407407 0.48568518518518516 0.0027638888888888886 0.016314814814814817
0 0.4791712962962963 0.47898148148148145 0.0025555555555555553 0.01237037037037037
0 0.4820833333333333 0.4757777777777778 0.0027407407407407406 0.014870370370370369