0 0.69075 0.48247222222222225 0.006120370370370371 0.013731481481481482
0 0.6780324074074073 0.48564814814814816 0.005287037037037037 0.015287037037037038
0 0.7037824074074075 0.5009351851851852 0.006666666666666667 0.015111111111111112
0 0.7350833333333333 0.5049444444444445 0.007574074074074074 0.017194444444444446
0 0.6989537037037037 0.5353796296296297 0.010037037037037037 0.028055555555555556
0 0.6597407407407407 0.49906481481481485 0.007240740740740741 0.015925925925925927
0 0.8318055555555556 0.5863796296296296 0.014703703703703705 0.031518518518518515
0 0.8019675925925925 0.5629074074074074 0.013407407407407408 0.03181481481481482
0 0.6303749999999999 0.5693796296296296 0.00938888888888889 0.03023148148148148
0 0.6172962962962962 0.497037037037037 0.006277777777777778 0.01613888888888889
0 0.6416620370370371 0.4829907407407407 0.006726851851851852 0.01275
0 0.6121805555555555 0.46678703703703706 0.004407407407407408 0.01262962962962963
0 0.5666898148148148 0.47867592592592595 0.003833333333333333 0.015925925925925927
0 0.5704259259259259 0.46775925925925926 0.0041898148148148155 0.011175925925925926
0 0.5416527777777778 0.47800000000000004 0.0037083333333333334 0.015166666666666665
0 0.5405740740740741 0.4601296296296296 0.0027870370370370367 0.009462962962962963
0 0.5172453703703703 0.4643611111111111 0.0025555555555555553 0.012472222222222223
0 0.5023425925925926 0.4685462962962963 0.0029768518518518516 0.012166666666666668
0 0.5098842592592592 0.48550000000000004 0.002912037037037037 0.016981481481481483
0 0.5012175925925927 0.48415740740740737 0.0034953703703703705 0.014537037037037036
0 0.4973240740740741 0.4936388888888889 0.004476851851851852 0.01738888888888889
0 0.5018611111111111 0.5094259259259258 0.005560185185185185 0.022518518518518518
0 0.529 0.5298703703703703 0.006023148148148148 0.02578703703703704
0 0.3782314814814815 0.4936851851851851 0.004842592592592593 0.016194444444444442
1 0.6661203703703703 0.7072777777777778 0.00951388888888889 0.012842592592592591
1 0.6499444444444445 0.6711203703703703 0.006185185185185185 0.018555555555555554
1 0.49959259259259253 0.6946666666666667 0.0066620370370370375 0.011416666666666667
1 0.3371064814814815 0.6589814814814815 0.006185185185185185 0.01237037037037037
1 0.695087962962963 0.4986111111111111 0.003967592592592593 0.006268518518518518