0 0.6906111111111112 0.4821203703703704 0.0048009259259259255 0.015777777777777776
0 0.6604351851851852 0.4944722222222222 0.006171296296296296 0.017833333333333336
0 0.6211712962962963 0.5121296296296296 0.006513888888888889 0.02160185185185185
0 0.6401157407407407 0.4754351851851852 0.004287037037037037 0.015435185185185187
0 0.652375 0.4762962962962963 0.005486111111111111 0.016462962962962964
0 0.6068240740740741 0.4664351851851852 0.0032592592592592595 0.013546296296296298
0 0.6033055555555557 0.4653981481481481 0.0035185185185185185 0.013027777777777779
0 0.5859351851851852 0.46544444444444444 0.004157407407407407 0.01287037037037037
0 0.592125 0.4593055555555556 0.0030694444444444445 0.009703703703703704
0 0.5996990740740741 0.458212962962963 0.0027731481481481483 0.009111111111111111
0 0.6129953703703703 0.4602962962962963 0.003425925925925926 0.009703703703703704
0 0.6170277777777777 0.4596018518518519 0.0033657407407407408 0.009509259259259259
0 0.5524398148148149 0.46555555555555556 0.003763888888888889 0.01262962962962963
0 0.5628194444444444 0.4586388888888889 0.00412962962962963 0.011898148148148147
0 0.5409027777777777 0.46859259259259256 0.004009259259259259 0.014814814814814815
0 0.5357407407407407 0.46154629629629634 0.002912037037037037 0.01287037037037037
0 0.5263888888888889 0.46926851851851853 0.004685185185185185 0.015509259259259259
0 0.3975972222222222 0.48510185185185184 0.005009259259259259 0.01874074074074074
0 0.5013425925925926 0.48462037037037037 0.005009259259259259 0.018425925925925925
0 0.8805972222222221 0.5768888888888889 0.02213888888888889 0.032962962962962965
0 0.6256157407407407 0.45955555555555555 0.004199074074074074 0.009481481481481481