0 0.2947592592592592 0.5110092592592592 0.008087962962962962 0.016175925925925923
0 0.2838148148148148 0.5550185185185185 0.00951388888888889 0.02140740740740741
0 0.3813518518518519 0.4853148148148148 0.0066620370370370375 0.01712962962962963
0 0.39419907407407406 0.5038703703703703 0.0066620370370370375 0.018083333333333333
0 0.4281018518518519 0.46937962962962965 0.0030925925925925925 0.011898148148148147
0 0.44320833333333337 0.4722314814814815 0.003805555555555556 0.01475
0 0.46687962962962964 0.462712962962963 0.0030925925925925925 0.010944444444444444
0 0.4936435185185185 0.48317592592592595 0.0057083333333333335 0.016657407407407405
0 0.4769907407407407 0.5091018518518519 0.0057083333333333335 0.01712962962962963
0 0.4647361111111111 0.5326574074074074 0.006898148148148148 0.01950925925925926
0 0.4375 0.602361111111111 0.00999074074074074 0.030453703703703705
1 0.3020138888888889 0.5576388888888889 0.002615740740740741 0.009518518518518518
1 0.6034490740740741 0.4831851851851852 0.006935185185185186 0.017064814814814814
1 0.4994490740740741 0.48372222222222216 0.003731481481481482 0.018129629629629627
1 0.4934074074074074 0.5018518518518519 0.005157407407407407 0.021685185185185186
1 0.4980277777777778 0.5260277777777778 0.007643518518518519 0.02239814814814815
1 0.48425 0.4684259259259259 0.0031990740740740742 0.012444444444444444
1 0.4468287037037037 0.5457592592592592 0.006578703703703704 0.026314814814814815
1 0.43669907407407405 0.4846111111111111 0.0044444444444444444 0.017064814814814814
1 0.42309722222222224 0.4723425925925926 0.003912037037037037 0.013870370370370371
1 0.4041666666666667 0.5068333333333334 0.00550925925925926 0.017425925925925925
1 0.37252314814814813 0.4935 0.0033796296296296296 0.016351851851851854
1 0.3284768518518518 0.5287407407407407 0.006564814814814815 0.020796296296296295
0 0.5280972222222222 0.6000462962962962 0.009115740740740742 0.042324074074074076
0 0.45369907407407406 0.48250925925925925 0.005537037037037037 0.018231481481481484