0 0.533125 0.6026851851851852 0.007476851851851851 0.04212037037037037
0 0.5106018518518519 0.5601203703703703 0.009217592592592593 0.031731481481481486
0 0.5455833333333333 0.4967314814814815 0.005967592592592593 0.020907407407407406
0 0.6177962962962963 0.4801111111111111 0.005055555555555555 0.016564814814814817
0 0.5173240740740741 0.49031481481481476 0.004986111111111111 0.017564814814814814
0 0.525962962962963 0.4660092592592593 0.0035601851851851853 0.012962962962962963
0 0.5000509259259259 0.4771944444444444 0.0035509259259259257 0.015203703703703705
0 0.5103194444444444 0.4776666666666667 0.004078703703703704 0.01576851851851852
0 0.5106574074074074 0.46349074074074076 0.0028425925925925923 0.012037037037037037
0 0.4871203703703704 0.4677222222222222 0.0034861111111111113 0.013027777777777779
0 0.46837962962962965 0.47670370370370374 0.003300925925925926 0.013472222222222222
0 0.4700092592592593 0.5160462962962963 0.0043287037037037035 0.023166666666666665
0 0.4489537037037037 0.4942870370370371 0.004300925925925926 0.017314814814814814
0 0.44735185185185183 0.4840648148148148 0.0046157407407407414 0.01662962962962963
0 0.4288935185185185 0.5093703703703704 0.005814814814814815 0.02174074074074074
0 0.4300138888888889 0.490962962962963 0.004699074074074074 0.01775925925925926
0 0.4301527777777778 0.4813055555555555 0.005101851851851851 0.014592592592592593
0 0.44049074074074074 0.4719351851851852 0.0029768518518518516 0.012768518518518518
0 0.43906944444444446 0.4706666666666667 0.0031435185185185186 0.01174074074074074
0 0.41358796296296296 0.4986481481481481 0.005097222222222222 0.020064814814814817
0 0.3720462962962963 0.5440833333333334 0.006805555555555555 0.024657407407407406
0 0.3237638888888889 0.6038148148148148 0.00900462962962963 0.033574074074074076
0 0.32098611111111114 0.501324074074074 0.0055462962962962966 0.01685185185185185
0 0.466662037037037 0.4595462962962963 0.0030509259259259257 0.012935185185185185
1 0.6660925925925926 0.7072407407407408 0.007828703703703704 0.01374074074074074
1 0.6496064814814815 0.6717962962962962 0.006458333333333333 0.012638888888888889
1 0.49951851851851853 0.6928148148148148 0.00549537037037037 0.010712962962962964
1 0.3369259259259259 0.6591574074074074 0.005634259259259259 0.009888888888888888
1 0.2507916666666667 0.6364907407407407 0.005083333333333334 0.009064814814814814
1 0.5423472222222222 0.5046018518518519 0.0023842592592592596 0.004768518518518519