0 0.3315138888888889 0.479787037037037 0.006337962962962963 0.01687037037037037
0 0.46308333333333335 0.47124074074074074 0.003064814814814815 0.015425925925925926
0 0.4744583333333333 0.46343518518518517 0.0027962962962962963 0.014222222222222221
0 0.4842546296296296 0.46525000000000005 0.002625 0.01437037037037037
0 0.48965740740740743 0.47453703703703703 0.0033796296296296296 0.01590740740740741
0 0.5175185185185185 0.4822037037037037 0.0037453703703703703 0.01771296296296296
0 0.542337962962963 0.48414814814814816 0.003425925925925926 0.016796296296296295
0 0.5612453703703704 0.5040462962962963 0.005990740740740741 0.023425925925925926
0 0.5798472222222222 0.46394444444444444 0.0032638888888888887 0.01175925925925926
0 0.5850277777777778 0.4655 0.0038194444444444443 0.01136111111111111
0 0.5927916666666667 0.47500925925925924 0.0038101851851851855 0.01336111111111111
0 0.5962222222222222 0.4756574074074074 0.004560185185185185 0.013787037037037037
0 0.5903009259259259 0.49828703703703703 0.004398148148148148 0.01933333333333333
0 0.6259583333333333 0.5102037037037037 0.00925 0.02089814814814815
0 0.6058148148148148 0.5027129629629629 0.0052361111111111115 0.017277777777777777
0 0.6066527777777777 0.49273148148148144 0.005300925925925926 0.016944444444444446
0 0.5807824074074074 0.4802592592592592 0.003796296296296296 0.01601851851851852
0 0.6354398148148148 0.4817407407407407 0.0038148148148148147 0.01287037037037037
0 0.64675 0.48230555555555554 0.004115740740740741 0.016166666666666666
0 0.6609907407407407 0.49106481481481484 0.00574537037037037 0.01624074074074074
0 0.6612916666666667 0.5092222222222222 0.008412037037037037 0.0185
1 0.6807407407407408 0.48718518518518517 0.001898148148148148 0.0036759259259259262
0 0.69375 0.48837962962962966 0.00475 0.013907407407407407
0 0.8075462962962963 0.6025648148148148 0.018162037037037036 0.02886111111111111
1 0.4448657407407407 0.6363888888888889 0.004791666666666666 0.011185185185185185