0 0.4108703703703704 0.4843703703703704 0.004453703703703704 0.015175925925925926
0 0.33052314814814815 0.5003240740740741 0.0054675925925925925 0.017666666666666664
1 0.2508240740740741 0.6363055555555556 0.006189814814814815 0.009925925925925927
1 0.3363703703703703 0.6588333333333333 0.0044444444444444444 0.008898148148148148
1 0.4994907407407408 0.6942407407407407 0.0044907407407407405 0.01136111111111111
0 0.4610648148148148 0.47479629629629627 0.0037083333333333334 0.013694444444444443
0 0.4603657407407407 0.4895462962962963 0.004629629629629629 0.016990740740740744
0 0.4609537037037037 0.5115092592592592 0.005541666666666667 0.020305555555555556
0 0.4726898148148148 0.49491666666666667 0.004347222222222223 0.021055555555555553
0 0.47380555555555554 0.5599722222222222 0.008125 0.031935185185185185
0 0.4921203703703704 0.47040740740740744 0.0031203703703703706 0.013666666666666667
0 0.48850000000000005 0.4742222222222222 0.003328703703703704 0.011527777777777777
0 0.49014814814814817 0.4880555555555556 0.003648148148148148 0.01735185185185185
0 0.5022453703703703 0.48261111111111116 0.003587962962962963 0.01647222222222222
0 0.5010462962962963 0.5063796296296296 0.004009259259259259 0.020842592592592593
0 0.4937314814814815 0.5202685185185185 0.005314814814814815 0.02549074074074074
0 0.5231203703703704 0.4616574074074074 0.003449074074074074 0.01312037037037037
0 0.5292129629629629 0.47965740740740737 0.0049259259259259265 0.015722222222222224
0 0.5412731481481482 0.535537037037037 0.00737037037037037 0.02674074074074074
0 0.5826018518518519 0.5816481481481481 0.009597222222222222 0.03569444444444444
1 0.5850972222222222 0.5349722222222222 0.0038009259259259263 0.006074074074074074
0 0.572699074074074 0.5134444444444445 0.009069444444444444 0.023157407407407408
0 0.5868518518518518 0.5034074074074074 0.00525 0.021074074074074075
0 0.5875925925925927 0.47332407407407406 0.004416666666666666 0.013842592592592592
0 0.6219351851851852 0.5451018518518519 0.00912037037037037 0.02838888888888889
0 0.6349768518518518 0.49693518518518526 0.006416666666666666 0.020972222222222222
0 0.7578518518518519 0.5874722222222223 0.016009259259259258 0.03398148148148149
0 0.6354444444444444 0.4836666666666667 0.007296296296296296 0.01961111111111111