0 0.4296203703703704 0.4629537037037037 0.0025925925925925925 0.011101851851851852
0 0.4125231481481481 0.47751851851851856 0.0034074074074074076 0.0165
0 0.37018055555555557 0.5033981481481481 0.005125 0.019712962962962963
0 0.3344722222222222 0.49906481481481485 0.005425925925925926 0.016675925925925927
0 0.4014583333333333 0.5206666666666667 0.0038657407407407408 0.02149074074074074
0 0.37513888888888886 0.5759629629629629 0.006 0.030425925925925926
0 0.4261805555555555 0.4968425925925926 0.003611111111111111 0.01675
0 0.47973611111111114 0.4606759259259259 0.002875 0.012185185185185186
0 0.48765277777777777 0.47225925925925927 0.0034583333333333332 0.015018518518518518
0 0.4790509259259259 0.49560185185185185 0.0037546296296296295 0.018787037037037036
0 0.49915740740740744 0.48089814814814813 0.002898148148148148 0.01512962962962963
0 0.5203472222222223 0.5301851851851852 0.004472222222222222 0.025842592592592594
0 0.5958055555555556 0.5975092592592592 0.01138888888888889 0.036259259259259255
0 0.6032592592592593 0.4818055555555556 0.005967592592592593 0.020555555555555556
0 0.5036481481481482 0.4703611111111111 0.0038287037037037035 0.01574074074074074
0 0.5084722222222222 0.4819537037037037 0.0021805555555555554 0.015212962962962963
0 0.5091898148148147 0.4933888888888889 0.004296296296296296 0.015
0 0.5228055555555555 0.523537037037037 0.004865740740740741 0.02609259259259259
0 0.46261111111111114 0.4744722222222222 0.003634259259259259 0.013814814814814814
0 0.47271296296296295 0.5036851851851852 0.004069444444444444 0.019148148148148147
0 0.42481944444444447 0.48971296296296296 0.004847222222222222 0.017185185185185185
0 0.435587962962963 0.4934074074074074 0.003796296296296296 0.018916666666666665
0 0.43692592592592594 0.5370648148148148 0.004217592592592592 0.024925925925925928
0 0.41393981481481484 0.509462962962963 0.005671296296296297 0.021666666666666664
0 0.47497222222222224 0.4822407407407408 0.004634259259259259 0.016916666666666667
1 0.3757083333333333 0.5074722222222222 0.0026296296296296293 0.005259259259259259