1 0.2501157407407407 0.6352037037037037 0.00525 0.011231481481481483
1 0.30055092592592597 0.6043796296296297 0.0028333333333333335 0.006722222222222222
1 0.336 0.6579537037037038 0.0034074074074074076 0.007296296296296296
0 0.3230138888888889 0.5895555555555556 0.010398148148148148 0.030925925925925926
0 0.20344907407407406 0.636962962962963 0.013541666666666667 0.03125
0 0.28883333333333333 0.5059259259259259 0.006643518518518518 0.014453703703703703
0 0.29453240740740744 0.5345555555555556 0.0068935185185185184 0.02049074074074074
0 0.3173287037037037 0.5158518518518519 0.006476851851851852 0.01485185185185185
0 0.3534675925925926 0.5415833333333333 0.008800925925925927 0.022212962962962962
0 0.3669074074074074 0.5357314814814815 0.006513888888888889 0.024277777777777777
0 0.3372685185185185 0.52925 0.005810185185185186 0.020305555555555556
0 0.34050925925925923 0.5002407407407408 0.0051805555555555554 0.015509259259259259
0 0.3437546296296296 0.498212962962963 0.00588425925925926 0.016157407407407405
0 0.3621435185185185 0.48884259259259266 0.004101851851851851 0.011592592592592592
0 0.36112962962962963 0.5021481481481482 0.0057546296296296295 0.015398148148148147
0 0.3817083333333333 0.4910370370370371 0.004574074074074074 0.014074074074074074
0 0.3973240740740741 0.4874074074074074 0.00474537037037037 0.015351851851851851
0 0.4310972222222222 0.4691388888888889 0.003763888888888889 0.012018518518518519
0 0.4286712962962963 0.495212962962963 0.003703703703703704 0.017685185185185186
0 0.4210185185185185 0.5107777777777778 0.004773148148148149 0.02036111111111111
0 0.41736574074074073 0.5211388888888889 0.004277777777777778 0.02162962962962963
0 0.4053703703703704 0.5123796296296297 0.004935185185185186 0.021185185185185185
0 0.4038564814814815 0.5299351851851852 0.0051898148148148155 0.021
0 0.4988287037037037 0.4833055555555556 0.0028194444444444443 0.017601851851851855
0 0.5054861111111111 0.513175925925926 0.0039722222222222225 0.023731481481481482
0 0.5925555555555556 0.5988425925925925 0.013231481481481481 0.03654629629629629
1 0.649962962962963 0.6706018518518518 0.004574074074074074 0.008379629629629631
1 0.665337962962963 0.7079722222222222 0.005333333333333333 0.009611111111111112
1 0.49906944444444445 0.6945925925925925 0.004606481481481481 0.008861111111111111
0 0.6056805555555556 0.48162037037037037 0.004300925925925926 0.01612037037037037