0 0.7588194444444444 0.6011018518518519 0.016324074074074074 0.035166666666666666
0 0.6452175925925926 0.48190740740740745 0.005893518518518518 0.014916666666666667
0 0.6064166666666666 0.4878981481481481 0.005166666666666667 0.017425925925925925
0 0.5748425925925926 0.47555555555555556 0.004699074074074074 0.016277777777777776
0 0.5743148148148148 0.4644259259259259 0.004939814814814814 0.013
0 0.5491296296296296 0.49921296296296297 0.0059259259259259265 0.018462962962962966
0 0.5319722222222222 0.47081481481481485 0.00475 0.015305555555555557
0 0.5263333333333334 0.47362037037037036 0.004259259259259259 0.014703703703703705
0 0.5055925925925926 0.45963888888888893 0.0030601851851851853 0.012574074074074074
0 0.49504166666666666 0.4541574074074074 0.003717592592592592 0.009148148148148148
0 0.49389814814814814 0.4538888888888889 0.003148148148148148 0.011212962962962963
0 0.4846064814814815 0.4649814814814815 0.004314814814814815 0.008537037037037037
0 0.4867592592592593 0.4686296296296296 0.004263888888888889 0.013888888888888888
0 0.4775462962962963 0.46170370370370367 0.004203703703703703 0.009842592592592594
0 0.46669907407407407 0.4650925925925926 0.003986111111111111 0.013342592592592593
0 0.4628287037037037 0.46073148148148146 0.0033194444444444443 0.011157407407407408
0 0.4613333333333333 0.45487037037037037 0.002935185185185185 0.010555555555555556
0 0.45236574074074076 0.460787037037037 0.002564814814814815 0.013564814814814816
0 0.45645370370370375 0.46980555555555553 0.004694444444444445 0.013620370370370371
0 0.42877314814814815 0.4839444444444444 0.005472222222222222 0.01715740740740741
0 0.4313518518518519 0.5167777777777778 0.0062037037037037035 0.025944444444444444
0 0.3411666666666667 0.47580555555555554 0.004578703703703704 0.016388888888888887
0 0.5718287037037038 0.5359351851851851 0.009717592592592592 0.03481481481481482
0 0.47452777777777777 0.4515925925925926 0.002777777777777778 0.009898148148148147
1 0.9313101851851853 0.6381666666666667 0.011027777777777779 0.012296296296296296
1 0.7749351851851851 0.6940277777777777 0.009944444444444445 0.01626851851851852
1 0.44510648148148146 0.6365462962962963 0.004763888888888889 0.009277777777777777
1 0.4934398148148148 0.4656388888888889 0.0019814814814814816 0.004462962962962963