0 0.4906111111111111 0.6032407407407407 0.007912037037037037 0.03980555555555556
0 0.5814722222222223 0.47867592592592595 0.004898148148148148 0.019046296296296297
0 0.4689398148148148 0.48073148148148154 0.0030509259259259257 0.01746296296296296
0 0.4611944444444444 0.4772777777777778 0.0024305555555555556 0.01374074074074074
0 0.4687453703703704 0.4753240740740741 0.0029074074074074076 0.01834259259259259
0 0.40257407407407403 0.4772777777777778 0.003138888888888889 0.013731481481481482
0 0.3999027777777778 0.4791944444444444 0.003384259259259259 0.012972222222222222
0 0.40149537037037036 0.4727314814814815 0.002967592592592593 0.01299074074074074
0 0.3738472222222222 0.4920833333333334 0.004689814814814815 0.016351851851851854
0 0.3604074074074074 0.489 0.004421296296296296 0.014203703703703703
0 0.34652777777777777 0.4962222222222222 0.003171296296296296 0.015537037037037038
0 0.34408796296296296 0.49497222222222226 0.0035833333333333333 0.01625
0 0.35538425925925926 0.48400925925925925 0.003787037037037037 0.013092592592592593
0 0.3582037037037037 0.4827314814814815 0.004699074074074074 0.01237962962962963
0 0.3794444444444445 0.47375 0.004074074074074075 0.011870370370370371
0 0.36880092592592595 0.4732037037037037 0.004208333333333333 0.010787037037037038
0 0.32319907407407406 0.5205648148148149 0.004462962962962963 0.015657407407407408
0 0.3192361111111111 0.497 0.005023148148148148 0.015
0 0.30912500000000004 0.5042777777777778 0.00549537037037037 0.014388888888888889
0 0.306037037037037 0.5037314814814815 0.004782407407407407 0.014148148148148148
0 0.2864953703703704 0.5048148148148148 0.004138888888888889 0.01485185185185185
0 0.26961111111111113 0.5237592592592593 0.005759259259259259 0.01963888888888889
0 0.21733333333333332 0.5424537037037037 0.00924074074074074 0.023685185185185184
0 0.3716157407407408 0.4720648148148148 0.004032407407407408 0.01212037037037037
1 0.6494398148148148 0.6712037037037036 0.0057546296296296295 0.011722222222222222
1 0.6656712962962963 0.7077962962962963 0.006296296296296296 0.011074074074074075
1 0.49938888888888894 0.6944444444444444 0.005537037037037037 0.010425925925925925
1 0.3367453703703704 0.6594814814814814 0.004884259259259259 0.00912037037037037
1 0.2504259259259259 0.6366851851851852 0.004884259259259259 0.00912037037037037
1 0.3635185185185185 0.48004629629629636 0.0021296296296296293 0.0032407407407407406