0 0.7064907407407407 0.4863240740740741 0.006884259259259259 0.02049074074074074
0 0.6686481481481481 0.5947129629629629 0.010074074074074076 0.037925925925925925
0 0.4934583333333333 0.5700555555555555 0.0067546296296296295 0.03306481481481482
0 0.2896898148148148 0.5031111111111112 0.004694444444444445 0.017074074074074075
0 0.3468055555555556 0.5344166666666667 0.005425925925925926 0.027388888888888886
0 0.42293055555555553 0.5438796296296297 0.005231481481481482 0.030722222222222224
0 0.5987314814814815 0.4951759259259259 0.006421296296296296 0.0187037037037037
0 0.5632777777777778 0.47034259259259265 0.0038194444444444443 0.013574074074074073
0 0.5414768518518518 0.4890555555555555 0.003648148148148148 0.017592592592592594
0 0.5498194444444444 0.5329722222222222 0.004 0.02599074074074074
0 0.40807870370370375 0.4847314814814815 0.0025509259259259257 0.01487962962962963
0 0.4334166666666666 0.47032407407407406 0.0031064814814814813 0.014287037037037037
0 0.38087037037037036 0.5036203703703703 0.004263888888888889 0.018518518518518517
0 0.4434953703703704 0.49016666666666664 0.0018796296296296295 0.015361111111111112
0 0.4806203703703704 0.4671851851851852 0.002615740740740741 0.013527777777777777
0 0.4507916666666667 0.48051851851851857 0.004916666666666666 0.01462037037037037
0 0.49099537037037033 0.4646296296296296 0.004027777777777778 0.010305555555555556
0 0.5133564814814814 0.47697222222222224 0.003087962962962963 0.015694444444444445
0 0.4882870370370371 0.48454629629629625 0.003435185185185185 0.01525
0 0.4832546296296296 0.48222222222222216 0.002541666666666667 0.01686111111111111
0 0.48490740740740745 0.49729629629629635 0.004847222222222222 0.01848148148148148
0 0.48242129629629626 0.5079722222222223 0.005810185185185186 0.02052777777777778