0 0.334037037037037 0.5020092592592592 0.006388888888888889 0.020037037037037037
0 0.4583425925925926 0.47459259259259257 0.0025509259259259257 0.013842592592592592
0 0.46331944444444445 0.4712777777777778 0.0022731481481481483 0.012055555555555555
0 0.4483888888888889 0.4929722222222222 0.0031944444444444446 0.017203703703703704
0 0.4531898148148148 0.4924537037037037 0.005185185185185185 0.01660185185185185
0 0.4249953703703704 0.5248611111111111 0.004268518518518519 0.022527777777777775
0 0.430087962962963 0.5410092592592592 0.005138888888888889 0.024203703703703703
0 0.46355555555555555 0.5627222222222222 0.006550925925925926 0.03014814814814815
0 0.4866712962962963 0.5152962962962963 0.004393518518518519 0.021666666666666664
0 0.5087777777777778 0.4627777777777778 0.0028842592592592596 0.011425925925925926
0 0.5174907407407408 0.4698611111111111 0.0037824074074074075 0.01487962962962963
0 0.5083703703703704 0.4706018518518518 0.003388888888888889 0.013407407407407408
0 0.4829537037037037 0.48163888888888884 0.002949074074074074 0.015092592592592593
0 0.5373148148148148 0.501925925925926 0.004388888888888889 0.01776851851851852
1 0.5476018518518518 0.5145740740740741 0.0024814814814814816 0.005166666666666667
0 0.547787037037037 0.5055740740740741 0.007416666666666667 0.01862962962962963
0 0.5396064814814815 0.5279907407407407 0.0076851851851851855 0.02171296296296296
0 0.531337962962963 0.6003611111111111 0.007532407407407407 0.03540740740740741
0 0.5541990740740741 0.47203703703703703 0.003148148148148148 0.013240740740740742
0 0.5596388888888889 0.4670648148148148 0.002671296296296296 0.013379629629629628
0 0.5771388888888889 0.5003518518518518 0.005347222222222223 0.020398148148148148
0 0.6185231481481481 0.5318703703703703 0.008129629629629629 0.025611111111111112
0 0.6210324074074074 0.49580555555555555 0.0054444444444444445 0.01837037037037037
0 0.6344675925925927 0.4849351851851852 0.005648148148148148 0.018472222222222223
0 0.7484490740740741 0.5891574074074074 0.015513888888888888 0.03355555555555556