0 0.3596064814814815 0.49789814814814815 0.005143518518518519 0.0162962962962963
0 0.4761296296296297 0.4882037037037037 0.0032685185185185183 0.01690740740740741
0 0.4824074074074074 0.510537037037037 0.0038472222222222224 0.020046296296296295
0 0.48719907407407403 0.5055833333333333 0.004092592592592592 0.019064814814814816
0 0.4863055555555556 0.4894537037037037 0.004157407407407407 0.01810185185185185
0 0.5072731481481482 0.5423796296296296 0.007648148148148148 0.027675925925925927
0 0.571162037037037 0.5704537037037037 0.011555555555555557 0.03447222222222222
0 0.5269444444444444 0.5348518518518518 0.0062037037037037035 0.025712962962962962
0 0.6118888888888889 0.5467407407407407 0.0063981481481481485 0.02783333333333333
0 0.6041527777777778 0.5210092592592593 0.00625 0.024370370370370372
0 0.6322314814814814 0.5134074074074074 0.006685185185185185 0.020537037037037038
0 0.585412037037037 0.5098055555555556 0.005069444444444444 0.02137037037037037
0 0.599462962962963 0.49296296296296294 0.003935185185185185 0.016787037037037038
0 0.5263009259259259 0.48980555555555555 0.0038194444444444443 0.01712037037037037
0 0.5498935185185185 0.48885185185185187 0.005833333333333334 0.014953703703703702
0 0.5686851851851852 0.4711296296296296 0.004055555555555555 0.011666666666666667
0 0.597037037037037 0.4698888888888889 0.004763888888888889 0.012490740740740741
0 0.4953472222222222 0.47350925925925924 0.002898148148148148 0.012537037037037036
0 0.5090185185185185 0.47452777777777777 0.00437037037037037 0.013648148148148149
0 0.6771435185185186 0.4839814814814815 0.008226851851851852 0.014074074074074074
0 0.7296990740740741 0.5246296296296297 0.007263888888888888 0.024351851851851854
0 0.7746064814814815 0.5883981481481482 0.014675925925925926 0.03278703703703703
0 0.694662037037037 0.5046203703703703 0.006421296296296296 0.017175925925925928
1 0.9802962962962963 0.6277222222222223 0.010972222222222222 0.012361111111111111
1 0.6500555555555555 0.6714537037037037 0.007574074074074074 0.010814814814814815
1 0.6658935185185185 0.7079259259259258 0.007726851851851853 0.012055555555555555
1 0.4996111111111112 0.6941759259259259 0.00587037037037037 0.009888888888888888
1 0.33696296296296296 0.6598703703703703 0.005407407407407408 0.010509259259259258
1 0.2508888888888889 0.6365277777777778 0.005407407407407408 0.009583333333333333
1 0.06289814814814816 0.6539907407407407 0.0064907407407407405 0.010509259259259258