0 0.2981990740740741 0.5036018518518518 0.005337962962962963 0.018407407407407407
0 0.377 0.5172222222222222 0.0064675925925925925 0.02199074074074074
1 0.25081944444444443 0.6358333333333334 0.004055555555555555 0.008157407407407408
1 0.3365092592592593 0.6597314814814814 0.0030555555555555553 0.008657407407407407
1 0.4992546296296297 0.6955092592592592 0.003805555555555556 0.010166666666666668
1 0.6498657407407408 0.67175 0.004388888888888889 0.009027777777777777
1 0.6656990740740741 0.7072962962962963 0.005120370370370371 0.010083333333333333
1 0.5460462962962963 0.48340740740740745 0.0016111111111111111 0.004824074074074074
0 0.3978009259259259 0.4976388888888889 0.005222222222222222 0.016583333333333332
0 0.4106157407407407 0.4844166666666666 0.004097222222222222 0.014425925925925925
0 0.42668518518518517 0.471962962962963 0.002398148148148148 0.011342592592592593
0 0.44413425925925926 0.48148148148148145 0.00400462962962963 0.01374074074074074
0 0.43545370370370373 0.4912777777777778 0.0035555555555555553 0.015037037037037036
0 0.4699212962962963 0.46812037037037035 0.004263888888888889 0.011842592592592592
0 0.4652685185185185 0.5117037037037037 0.004101851851851851 0.026962962962962963
0 0.47002777777777777 0.5020740740740741 0.0038472222222222224 0.019851851851851853
0 0.4781018518518519 0.4713888888888889 0.004106481481481481 0.015120370370370369
0 0.48384259259259255 0.46424074074074073 0.003236111111111111 0.013379629629629628
0 0.48386111111111113 0.4818148148148148 0.0037546296296296295 0.015777777777777776
0 0.49047222222222225 0.47400925925925924 0.003587962962962963 0.01490740740740741
0 0.49174074074074076 0.4933518518518519 0.003949074074074074 0.018657407407407407
0 0.5333749999999999 0.48642592592592593 0.004875 0.017620370370370373
0 0.5342685185185185 0.4631851851851852 0.0028194444444444443 0.012361111111111111
0 0.535625 0.5374444444444445 0.005425925925925926 0.024407407407407405
0 0.6087916666666666 0.49148148148148146 0.005796296296296296 0.01873148148148148
0 0.5946851851851852 0.46962037037037035 0.0037083333333333334 0.01375925925925926
0 0.5578101851851851 0.47694444444444445 0.004180555555555555 0.014222222222222221
0 0.6428796296296296 0.4822777777777778 0.005300925925925926 0.016425925925925924
0 0.6424305555555556 0.5115370370370371 0.007287037037037037 0.020907407407407406
0 0.7474027777777779 0.5901481481481482 0.018291666666666664 0.03395370370370371