0 0.41000462962962964 0.4728888888888889 0.006615740740740741 0.020037037037037037
0 0.9437685185185185 0.6045740740740742 0.013152777777777777 0.02412962962962963
0 0.7958287037037037 0.5754444444444444 0.011287037037037036 0.027972222222222225
0 0.7499722222222223 0.517037037037037 0.007143518518518519 0.014546296296296297
0 0.763375 0.5202407407407408 0.006726851851851852 0.015675925925925926
0 0.7598564814814814 0.5367685185185186 0.008486111111111111 0.01988888888888889
0 0.5094953703703704 0.47623148148148153 0.005481481481481481 0.01739814814814815
0 0.7221805555555556 0.5044907407407407 0.0045138888888888885 0.011092592592592593
0 0.7138981481481481 0.5037499999999999 0.0059259259259259265 0.013953703703703704
0 0.5390833333333334 0.4650462962962963 0.004023148148148148 0.012166666666666668
0 0.5659259259259259 0.493787037037037 0.004398148148148148 0.019425925925925926
0 0.5731388888888889 0.4927870370370371 0.006587962962962963 0.01867592592592593
0 0.5641666666666666 0.4649166666666667 0.0034537037037037036 0.01312962962962963
0 0.5832361111111111 0.47954629629629625 0.004060185185185185 0.017611111111111112
0 0.6915416666666667 0.5041481481481481 0.0061574074074074074 0.013657407407407408
0 0.6964490740740741 0.5015555555555555 0.009560185185185184 0.011814814814814814
0 0.6922777777777778 0.49809259259259264 0.0061805555555555555 0.014194444444444445
0 0.677236111111111 0.5143425925925926 0.008152777777777778 0.017666666666666664
0 0.6065972222222222 0.49441666666666667 0.006861111111111111 0.016157407407407405
0 0.6789675925925925 0.49140740740740746 0.005620370370370371 0.01349074074074074
0 0.6658564814814815 0.4930833333333333 0.005037037037037038 0.013861111111111112
0 0.6510092592592593 0.4867870370370371 0.005324074074074074 0.012805555555555556
0 0.640537037037037 0.4782685185185185 0.005055555555555555 0.012888888888888889
0 0.6323611111111112 0.4745462962962963 0.004837962962962962 0.012888888888888889