0 0.37268981481481483 0.4925 0.007412037037037038 0.02037962962962963
0 0.49330555555555555 0.48830555555555555 0.005125 0.019037037037037036
0 0.5008981481481481 0.503212962962963 0.004629629629629629 0.022287037037037036
0 0.525587962962963 0.4709814814814815 0.004287037037037037 0.015435185185185187
0 0.5286712962962963 0.4846944444444445 0.005314814814814815 0.020231481481481482
0 0.5597916666666667 0.4855555555555555 0.004115740740740741 0.018518518518518517
0 0.5627916666666667 0.4889814814814815 0.005314814814814815 0.01714814814814815
0 0.562962962962963 0.4757777777777778 0.003601851851851852 0.018861111111111113
0 0.5903101851851852 0.4738888888888889 0.004458333333333334 0.01439814814814815
0 0.6534027777777778 0.5128148148148148 0.008574074074074074 0.02297222222222222
0 0.6095138888888889 0.4690925925925926 0.004458333333333334 0.011657407407407408
0 0.6168842592592593 0.4660092592592593 0.005486111111111111 0.012342592592592593
0 0.6347175925925926 0.47114814814814815 0.007199074074074075 0.008231481481481482
0 0.6445740740740741 0.47475 0.004629629629629629 0.01337037037037037
0 0.6514305555555555 0.48675000000000007 0.006 0.01612037037037037
0 0.6574305555555555 0.4809259259259259 0.0049722222222222225 0.01474074074074074
0 0.6633472222222222 0.4809259259259259 0.005486111111111111 0.014055555555555556
0 0.6763796296296296 0.4836666666666667 0.006513888888888889 0.011314814814814816
0 0.683236111111111 0.4846944444444445 0.0048009259259259255 0.015435185185185187
0 0.6920648148148147 0.48692592592592593 0.006 0.01714814814814815
0 0.7068101851851852 0.4946388888888889 0.006342592592592592 0.016805555555555553
0 0.715125 0.49240740740740735 0.006856481481481482 0.015083333333333332
0 0.921212962962963 0.5760833333333333 0.01988888888888889 0.032231481481481486
0 0.49926851851851856 0.4735462962962963 0.005143518518518519 0.01714814814814815