0 0.5016111111111111 0.5881666666666667 0.011027777777777779 0.03375
0 0.3569259259259259 0.49283333333333335 0.0071574074074074075 0.01566666666666667
0 0.7456342592592592 0.5881296296296296 0.011777777777777778 0.032259259259259265
0 0.6516759259259258 0.4807592592592593 0.008550925925925925 0.018907407407407407
0 0.47661574074074076 0.5097037037037038 0.007212962962962963 0.017981481481481484
0 0.46875 0.4578611111111111 0.0024212962962962964 0.008564814814814815
0 0.46867592592592594 0.47820370370370374 0.0034027777777777776 0.012287037037037037
0 0.4739953703703704 0.48068518518518516 0.003731481481481482 0.012805555555555556
0 0.48507407407407405 0.47327777777777774 0.003148148148148148 0.01425
0 0.46923148148148147 0.4744351851851852 0.003634259259259259 0.014555555555555556
0 0.4992962962962963 0.4633148148148148 0.0023703703703703703 0.01074074074074074
0 0.5059490740740741 0.4659444444444445 0.002935185185185185 0.012861111111111111
0 0.48180092592592594 0.46564814814814814 0.0022731481481481483 0.01175925925925926
0 0.508337962962963 0.47571296296296295 0.0029814814814814817 0.013462962962962963
0 0.5272175925925926 0.4842592592592593 0.003944444444444444 0.014703703703703705
0 0.5246620370370371 0.4704907407407407 0.003425925925925926 0.012268518518518519
0 0.5322037037037036 0.47780555555555554 0.002208333333333333 0.015175925925925926
0 0.533787037037037 0.4703611111111111 0.003851851851851852 0.012518518518518517
0 0.5370370370370371 0.46608333333333335 0.002449074074074074 0.01313888888888889
0 0.552236111111111 0.4751666666666666 0.005875 0.013518518518518518
0 0.5381388888888889 0.4682222222222222 0.00400462962962963 0.012638888888888889
0 0.5885370370370371 0.49229629629629623 0.004337962962962963 0.014935185185185185
0 0.5907824074074074 0.4679814814814815 0.004013888888888889 0.01161111111111111
0 0.6156342592592593 0.4931388888888889 0.0061805555555555555 0.018333333333333333
1 0.6046574074074074 0.49792592592592594 0.0031805555555555554 0.004694444444444445