0 0.6355324074074075 0.5930740740740741 0.011569444444444443 0.034888888888888886
0 0.6037592592592592 0.47946296296296304 0.004319444444444444 0.01740740740740741
0 0.5068518518518518 0.49694444444444447 0.004407407407407408 0.02077777777777778
0 0.48566203703703703 0.4722222222222222 0.0036759259259259262 0.012444444444444444
0 0.48688425925925927 0.46758333333333335 0.0034814814814814812 0.011907407407407406
0 0.47816666666666663 0.475037037037037 0.003398148148148148 0.011916666666666666
0 0.47230092592592593 0.4625925925925926 0.00275462962962963 0.009953703703703704
0 0.4621342592592593 0.4832685185185185 0.004027777777777778 0.013287037037037036
0 0.4550462962962963 0.48144444444444445 0.0030833333333333333 0.014685185185185185
0 0.44684259259259257 0.4782222222222222 0.004092592592592592 0.01437037037037037
0 0.44981481481481483 0.46926851851851853 0.0030972222222222226 0.01100925925925926
0 0.4327870370370371 0.5058703703703704 0.004273148148148148 0.019749999999999997
0 0.4279814814814815 0.5371851851851852 0.006138888888888889 0.026
0 0.2931064814814815 0.5945185185185186 0.00949074074074074 0.029564814814814815
0 0.35070833333333334 0.5285277777777777 0.00550462962962963 0.021175925925925928
0 0.3838842592592593 0.4979074074074074 0.0043055555555555555 0.01686111111111111
0 0.40512037037037035 0.49426851851851844 0.0034861111111111113 0.018407407407407407
0 0.40106018518518516 0.4804351851851852 0.0035694444444444445 0.013222222222222222
0 0.40917592592592594 0.4782314814814815 0.004245370370370371 0.013435185185185185
0 0.42365277777777777 0.4877685185185185 0.004865740740740741 0.012518518518518517
0 0.42271296296296296 0.47825 0.003907407407407407 0.012916666666666667
0 0.4197777777777778 0.4681111111111111 0.0030462962962962965 0.011527777777777777
0 0.2965925925925926 0.5030740740740741 0.005703703703703704 0.013148148148148147
1 0.6499305555555556 0.6710833333333334 0.00650925925925926 0.01301851851851852
1 0.6658981481481481 0.7074814814814815 0.007930555555555555 0.011796296296296296
1 0.4971111111111111 0.6619351851851851 0.005083333333333334 0.012611111111111111
1 0.33675925925925926 0.6594907407407408 0.006912037037037037 0.011796296296296296
1 0.2506388888888889 0.636712962962963 0.006305555555555556 0.011796296296296296