0 0.2755138888888889 0.5101388888888889 0.0075 0.016351851851851854
0 0.27918055555555554 0.5090092592592593 0.005763888888888889 0.015092592592592593
0 0.28942129629629626 0.5020833333333333 0.007273148148148148 0.016407407407407405
0 0.2952685185185185 0.5047685185185184 0.003472222222222222 0.013675925925925925
0 0.3063796296296296 0.5083518518518518 0.008203703703703703 0.012444444444444444
0 0.3083101851851852 0.5035925925925926 0.002912037037037037 0.014157407407407407
0 0.30996296296296294 0.5030740740740741 0.004986111111111111 0.016407407407407405
0 0.31925462962962964 0.5148425925925926 0.0077314814814814815 0.015527777777777777
0 0.3248888888888889 0.5069814814814815 0.005805555555555555 0.01563888888888889
0 0.3270324074074074 0.4955925925925926 0.004814814814814815 0.01596296296296296
0 0.3170648148148148 0.4901018518518518 0.0074675925925925925 0.01125
0 0.34696759259259263 0.5066018518518518 0.00625 0.016537037037037038
0 0.3541388888888889 0.5031944444444445 0.0054212962962962965 0.015657407407407408
0 0.3597314814814815 0.48814814814814816 0.004240740740740741 0.01361111111111111
0 0.3555 0.4710740740740741 0.0040185185185185185 0.010796296296296297
0 0.37298148148148147 0.47129629629629627 0.0033564814814814816 0.007935185185185186
0 0.40458796296296295 0.4818611111111111 0.005208333333333333 0.012898148148148148
0 0.40523148148148147 0.4896111111111111 0.005675925925925925 0.018518518518518517
0 0.49018518518518517 0.6028703703703704 0.01099537037037037 0.03248148148148148
0 0.5470925925925926 0.47839814814814813 0.004157407407407407 0.016999999999999998
0 0.3226203703703704 0.5000462962962963 0.0034629629629629633 0.01162962962962963
0 0.2995277777777778 0.5053333333333333 0.004 0.01423148148148148
0 0.3048564814814815 0.5038703703703703 0.004037037037037038 0.013416666666666667
1 0.665449074074074 0.7079537037037037 0.007240740740740741 0.01262037037037037
1 0.6499490740740741 0.6708333333333333 0.005013888888888889 0.008537037037037037
1 0.49899074074074073 0.694037037037037 0.005476851851851852 0.01076851851851852
1 0.33675925925925926 0.6596944444444445 0.0047314814814814815 0.01076851851851852
1 0.2507731481481481 0.6354722222222222 0.004638888888888889 0.008351851851851852
1 0.06237037037037037 0.6529166666666667 0.0057546296296296295 0.008722222222222221