0 0.764300925925926 0.5885370370370371 0.015981481481481482 0.033777777777777775
0 0.6567083333333333 0.4822777777777778 0.004527777777777777 0.016203703703703703
0 0.6171296296296296 0.5239351851851852 0.007666666666666666 0.02362962962962963
0 0.6024259259259259 0.49284259259259255 0.004842592592592593 0.018768518518518518
0 0.5787037037037037 0.4754166666666667 0.005296296296296296 0.015620370370370371
0 0.5746990740740741 0.4706111111111111 0.00399074074074074 0.014972222222222224
0 0.5640555555555555 0.4745648148148148 0.004796296296296296 0.014555555555555556
0 0.5575925925925926 0.4679074074074074 0.004199074074074074 0.012490740740740741
0 0.5568333333333333 0.4640648148148148 0.0027500000000000003 0.014787037037037038
0 0.5427592592592592 0.46528703703703705 0.0027638888888888886 0.011916666666666666
0 0.5341296296296296 0.473287037037037 0.0036666666666666666 0.014324074074074074
0 0.5326898148148148 0.4615648148148148 0.003958333333333334 0.010425925925925925
0 0.524175925925926 0.4836296296296297 0.0034027777777777776 0.01590740740740741
0 0.5237361111111111 0.5035092592592593 0.004074074074074075 0.020194444444444442
0 0.5049444444444445 0.47712962962962957 0.0040648148148148145 0.014268518518518519
0 0.49631018518518516 0.4721296296296296 0.002625 0.014981481481481481
0 0.4929351851851852 0.46968518518518515 0.0027175925925925926 0.011898148148148147
0 0.4772222222222222 0.47085185185185185 0.002435185185185185 0.01423148148148148
0 0.470162037037037 0.4680462962962963 0.002226851851851852 0.01200925925925926
0 0.45136574074074076 0.4883333333333333 0.004097222222222222 0.016694444444444446
0 0.37306944444444445 0.49137962962962967 0.004458333333333334 0.016731481481481483
0 0.5752499999999999 0.5121111111111112 0.005893518518518518 0.021648148148148146
0 0.5254120370370371 0.45787962962962964 0.0021805555555555554 0.009212962962962963
0 0.5314814814814814 0.46108333333333335 0.002435185185185185 0.011185185185185185
1 0.6500416666666666 0.6720277777777778 0.006430555555555556 0.013907407407407407
1 0.665337962962963 0.7087129629629629 0.007824074074074074 0.012166666666666668
1 0.4996759259259259 0.6946296296296297 0.005388888888888889 0.01112962962962963
1 0.33697222222222223 0.6591666666666667 0.005388888888888889 0.009731481481481482
1 0.2505787037037037 0.6362222222222222 0.005736111111111111 0.013212962962962963