0 0.27893055555555557 0.4884814814814814 0.005268518518518519 0.016898148148148148
0 0.2913564814814815 0.5044814814814815 0.006671296296296297 0.017925925925925925
0 0.3339444444444445 0.4730555555555555 0.004689814814814815 0.01525
0 0.3354861111111111 0.48501851851851857 0.0046157407407407414 0.01746296296296296
0 0.29398148148148145 0.4986944444444445 0.005287037037037037 0.016092592592592592
0 0.3463425925925926 0.4730740740740741 0.005157407407407407 0.015287037037037038
0 0.34337962962962965 0.48221296296296295 0.005199074074074074 0.015111111111111112
0 0.362 0.4968055555555555 0.004171296296296296 0.017611111111111112
0 0.38739814814814816 0.5036481481481482 0.0052037037037037034 0.01913888888888889
0 0.3681111111111111 0.4726574074074074 0.004402777777777778 0.013870370370370371
0 0.37701851851851853 0.4812685185185185 0.005166666666666667 0.015231481481481481
0 0.3875138888888889 0.47074074074074074 0.003115740740740741 0.011398148148148149
0 0.3994537037037037 0.4631851851851852 0.0025972222222222226 0.011574074074074073
0 0.38749537037037035 0.45966666666666667 0.003231481481481482 0.010351851851851852
0 0.4210833333333333 0.45716666666666667 0.00399074074074074 0.010064814814814815
0 0.4323240740740741 0.46514814814814814 0.0025555555555555553 0.013111111111111112
0 0.4660324074074074 0.4613888888888889 0.0032407407407407406 0.008749999999999999
0 0.4698703703703703 0.46278703703703705 0.0030833333333333333 0.01112037037037037
0 0.4822592592592593 0.47069444444444447 0.003912037037037037 0.015092592592592593
0 0.4893842592592592 0.4732314814814815 0.004027777777777778 0.016342592592592593
0 0.5186620370370371 0.5975648148148148 0.009069444444444444 0.03710185185185185
0 0.5883194444444444 0.47583333333333333 0.005078703703703704 0.014083333333333335
1 0.444412037037037 0.6371203703703704 0.004703703703703704 0.008472222222222223