0 0.3908287037037037 0.48610185185185184 0.004962962962962963 0.01590740740740741
0 0.5150879629629629 0.4664537037037037 0.0038009259259259263 0.013111111111111112
0 0.5123055555555556 0.47479629629629627 0.003601851851851852 0.013685185185185184
0 0.5275740740740741 0.45799999999999996 0.002189814814814815 0.008555555555555556
0 0.5407314814814815 0.45931481481481484 0.0021944444444444446 0.010101851851851851
0 0.5385277777777778 0.4655740740740741 0.0018101851851851853 0.011888888888888888
0 0.5433379629629629 0.47241666666666665 0.004675925925925925 0.014166666666666668
0 0.5597222222222222 0.4868148148148148 0.004199074074074074 0.016787037037037038
0 0.5763981481481482 0.47504629629629624 0.004263888888888889 0.013657407407407408
0 0.5600138888888889 0.4644444444444445 0.004782407407407407 0.010166666666666668
0 0.5694259259259259 0.45835185185185184 0.004310185185185185 0.011148148148148147
1 0.5890925925925926 0.4615648148148148 0.001462962962962963 0.0033333333333333335
0 0.5887592592592593 0.4581574074074074 0.0034768518518518516 0.00887962962962963
0 0.5936944444444445 0.4589907407407407 0.004101851851851851 0.007722222222222222
0 0.6134629629629629 0.4723703703703704 0.004833333333333333 0.01101851851851852
0 0.6101620370370371 0.4715555555555555 0.00412962962962963 0.012037037037037037
0 0.6222361111111111 0.4656666666666667 0.004388888888888889 0.011527777777777777
0 0.6323101851851851 0.465037037037037 0.004125 0.01136111111111111
0 0.6530509259259258 0.4819166666666667 0.005074074074074075 0.015574074074074074
0 0.6369722222222222 0.48933333333333334 0.005337962962962963 0.014296296296296297
0 0.6342037037037037 0.49670370370370376 0.004430555555555556 0.01660185185185185
0 0.6859166666666666 0.4806574074074074 0.004217592592592592 0.014666666666666666
0 0.6842175925925926 0.49892592592592594 0.0061574074074074074 0.02021296296296296
0 0.8966296296296297 0.5811851851851851 0.01867592592592593 0.025111111111111112