0 0.5371203703703704 0.6030925925925926 0.009462962962962963 0.04030555555555556
0 0.4733287037037037 0.5682962962962963 0.00825925925925926 0.03447222222222222
0 0.5022407407407407 0.5355555555555556 0.006273148148148148 0.028805555555555556
0 0.4646064814814815 0.5249351851851851 0.006986111111111111 0.025055555555555553
0 0.47436111111111107 0.5261111111111112 0.010606481481481482 0.016685185185185185
0 0.47492592592592586 0.5156203703703703 0.007217592592592592 0.022231481481481484
0 0.4676851851851852 0.5121944444444444 0.005152777777777778 0.022694444444444444
0 0.4788287037037037 0.49290740740740746 0.0043055555555555555 0.01911111111111111
0 0.5214583333333332 0.5108611111111111 0.005254629629629629 0.023953703703703706
0 0.5227361111111111 0.49134259259259255 0.004143518518518519 0.016555555555555556
0 0.495462962962963 0.4853240740740741 0.0037083333333333334 0.017166666666666667
0 0.503550925925926 0.46614814814814814 0.003236111111111111 0.013796296296296296
0 0.5014814814814815 0.4610185185185185 0.0029305555555555556 0.013185185185185185
0 0.4512175925925926 0.45837962962962964 0.0032916666666666667 0.012907407407407407
0 0.4398518518518519 0.47081481481481485 0.00437962962962963 0.01512962962962963
0 0.4187638888888889 0.48474999999999996 0.003652777777777778 0.019018518518518518
0 0.4142962962962963 0.4946296296296297 0.0047083333333333335 0.019462962962962963
0 0.4004490740740741 0.4713611111111111 0.0036574074074074074 0.015564814814814814
0 0.39437037037037037 0.5058611111111111 0.006648148148148148 0.021287037037037035
0 0.38281481481481483 0.5252592592592592 0.007680555555555556 0.023796296296296295
0 0.3795972222222222 0.5418055555555555 0.005240740740740741 0.02624074074074074
0 0.34898148148148145 0.5023981481481482 0.0058009259259259255 0.02076851851851852
0 0.3111712962962963 0.4842592592592593 0.005986111111111111 0.016666666666666666
0 0.6222870370370371 0.490962962962963 0.005375 0.018962962962962963
1 0.9319212962962963 0.6393333333333333 0.010532407407407407 0.011027777777777779
1 0.7748888888888888 0.6949907407407407 0.009694444444444445 0.016046296296296295
1 0.44518981481481484 0.6361574074074073 0.005851851851851852 0.010027777777777778
1 0.48569444444444443 0.5357407407407407 0.002712962962962963 0.005694444444444445