0 0.6146527777777778 0.5551111111111111 0.009689814814814814 0.03
0 0.7134583333333333 0.5898518518518518 0.01902314814814815 0.03588888888888889
0 0.5039212962962963 0.5795740740740741 0.009782407407407406 0.03546296296296296
0 0.3274027777777778 0.4987314814814815 0.004986111111111111 0.015833333333333335
0 0.4311481481481481 0.5216574074074074 0.0060648148148148145 0.019657407407407408
0 0.5106018518518519 0.5173888888888889 0.005217592592592592 0.020759259259259262
0 0.6010972222222222 0.49851851851851847 0.006143518518518519 0.018824074074074073
0 0.6488842592592592 0.48407407407407405 0.006337962962962963 0.016101851851851853
1 0.5841898148148148 0.49797222222222215 0.002212962962962963 0.004824074074074074
0 0.5780601851851851 0.47375925925925927 0.0037685185185185187 0.014175925925925927
0 0.5352592592592593 0.46464814814814814 0.0019166666666666666 0.011453703703703704
0 0.540138888888889 0.4853888888888889 0.005185185185185185 0.0165
0 0.5306712962962963 0.49248148148148146 0.003416666666666667 0.018129629629629627
0 0.5284583333333334 0.4717222222222222 0.003185185185185185 0.012194444444444444
0 0.5161435185185185 0.4688981481481482 0.004092592592592592 0.013666666666666667
0 0.5103101851851852 0.46467592592592594 0.0022685185185185187 0.012342592592592593
0 0.4932037037037037 0.476712962962963 0.0032222222222222222 0.01338888888888889
0 0.5038333333333334 0.49134259259259255 0.0031296296296296293 0.016685185185185185
0 0.4638981481481481 0.4831666666666667 0.003449074074074074 0.015824074074074074
0 0.4714398148148148 0.48593518518518514 0.00325 0.016333333333333335
0 0.4489768518518518 0.4873425925925926 0.0037546296296296295 0.015379629629629629
0 0.45416203703703706 0.4782222222222222 0.004296296296296296 0.012898148148148148
0 0.45853240740740736 0.47355555555555556 0.0016342592592592591 0.010083333333333333
0 0.45831944444444445 0.47141666666666665 0.00400462962962963 0.013268518518518518
0 0.47839351851851847 0.462287037037037 0.002518518518518519 0.009666666666666665