1 0.42571759259259256 0.5059537037037036 0.0020787037037037037 0.005055555555555555
0 0.37593518518518515 0.493324074074074 0.003564814814814815 0.01724074074074074
0 0.4501574074074074 0.4734166666666667 0.004310185185185185 0.016046296296296295
0 0.42207407407407405 0.5006018518518518 0.004606481481481481 0.016935185185185185
0 0.4696990740740741 0.48351851851851857 0.004162037037037037 0.014861111111111111
0 0.4785416666666667 0.4888703703703704 0.002226851851851852 0.01724074074074074
0 0.48797685185185186 0.4958518518518518 0.002972222222222222 0.02050925925925926
0 0.4791342592592593 0.5545462962962963 0.005796296296296296 0.028527777777777777
0 0.49733796296296295 0.4774259259259259 0.002675925925925926 0.015157407407407408
0 0.5017962962962963 0.46880555555555553 0.0023796296296296295 0.01337037037037037
0 0.5093703703703704 0.4595925925925926 0.0032685185185185183 0.012777777777777779
0 0.5092222222222222 0.4710370370370371 0.003861111111111111 0.014861111111111111
0 0.5185092592592593 0.46435185185185185 0.004013888888888889 0.01575
0 0.5183611111111112 0.48916666666666664 0.0031203703703703706 0.016638888888888887
0 0.5187361111111112 0.5206666666666667 0.003564814814814815 0.023777777777777776
0 0.5392407407407407 0.46925 0.0017824074074074075 0.011296296296296296
0 0.5404305555555555 0.4728148148148148 0.0023796296296296295 0.012481481481481482
0 0.5468194444444445 0.47578703703703706 0.003564814814814815 0.016638888888888887
0 0.5456296296296296 0.481287037037037 0.002675925925925926 0.01575
0 0.5475601851851852 0.519175925925926 0.0071342592592592595 0.022583333333333334
0 0.5544722222222223 0.49079629629629623 0.004606481481481481 0.018129629629629627
0 0.5673981481481482 0.5205185185185185 0.006986111111111111 0.024666666666666667
0 0.6590648148148148 0.593962962962963 0.01075 0.03285185185185185
0 0.6341296296296296 0.4828796296296296 0.0074675925925925925 0.018518518518518517