0 0.3643240740740741 0.4848981481481482 0.0038425925925925928 0.013268518518518518
0 0.3519259259259259 0.5028333333333332 0.00437037037037037 0.01661111111111111
0 0.3854259259259259 0.47867592592592595 0.005087962962962963 0.01362962962962963
0 0.38654629629629633 0.4769537037037037 0.005138888888888889 0.010814814814814815
0 0.4038472222222222 0.46968518518518515 0.003472222222222222 0.010037037037037037
0 0.4032453703703704 0.48996296296296293 0.005087962962962963 0.015574074074074074
0 0.39866203703703706 0.5198148148148148 0.006550925925925926 0.022129629629629628
0 0.44045833333333334 0.5063240740740741 0.0038379629629629627 0.01927777777777778
0 0.4297268518518519 0.47733333333333333 0.002712962962962963 0.01237962962962963
0 0.44456944444444446 0.4819166666666667 0.004287037037037037 0.015157407407407408
0 0.4439768518518519 0.4655740740740741 0.0033472222222222224 0.01135185185185185
0 0.4560138888888889 0.4686388888888889 0.0030092592592592593 0.01237962962962963
0 0.46161111111111114 0.47075 0.0032222222222222222 0.012759259259259258
0 0.47833333333333333 0.48100000000000004 0.003564814814814815 0.015620370370370371
0 0.4898981481481482 0.4694722222222222 0.0024074074074074076 0.01174074074074074
0 0.4751388888888889 0.46066666666666667 0.002287037037037037 0.009212962962962963
0 0.5019583333333334 0.4638055555555556 0.0028796296296296296 0.011648148148148149
0 0.4938425925925926 0.5079259259259259 0.003523148148148148 0.021935185185185186
0 0.5372916666666666 0.5075833333333334 0.004722222222222222 0.023657407407407408
0 0.5257037037037037 0.4782962962962962 0.00437037037037037 0.01660185185185185
0 0.5346157407407407 0.472962962962963 0.00387962962962963 0.013935185185185186
0 0.5269722222222222 0.4665462962962963 0.0033703703703703704 0.013416666666666667
0 0.6272314814814814 0.47958333333333336 0.004342592592592593 0.016074074074074074
0 0.6291388888888889 0.599037037037037 0.01101851851851852 0.03791666666666667
1 0.6657361111111111 0.7086666666666667 0.006712962962962963 0.013712962962962963
1 0.6497314814814815 0.6726666666666666 0.006999999999999999 0.011425925925925926
1 0.49942592592592594 0.6939537037037037 0.004712962962962963 0.008861111111111111
1 0.3374768518518519 0.6585185185185186 0.005430555555555556 0.008287037037037037
1 0.4419675925925926 0.4701388888888889 0.0013425925925925925 0.0030555555555555553