1 0.4193518518518518 0.5036388888888889 0.0017268518518518518 0.00375
0 0.34625 0.4955740740740741 0.006291666666666667 0.01624074074074074
0 0.3764166666666666 0.526324074074074 0.004930555555555556 0.02287037037037037
0 0.39574537037037033 0.4936203703703704 0.004958333333333334 0.017796296296296296
0 0.4331111111111111 0.4730092592592593 0.004203703703703703 0.012361111111111111
0 0.45039814814814816 0.4805277777777778 0.0037129629629629626 0.014444444444444444
0 0.4694814814814815 0.47895370370370366 0.003898148148148148 0.013351851851851853
0 0.4995601851851852 0.4646851851851852 0.0028796296296296296 0.00935185185185185
0 0.5090324074074074 0.4595462962962963 0.002513888888888889 0.009305555555555556
0 0.5192824074074075 0.46812037037037035 0.0026342592592592594 0.012805555555555556
0 0.5287962962962963 0.4778888888888889 0.003037037037037037 0.012574074074074074
0 0.5406574074074074 0.5233703703703704 0.006759259259259259 0.020703703703703703
0 0.6183148148148148 0.48064814814814816 0.005689814814814814 0.015703703703703706
0 0.5589629629629629 0.5069259259259259 0.004916666666666666 0.018490740740740738
0 0.5325462962962962 0.4805092592592593 0.004231481481481482 0.015777777777777776
0 0.5293472222222223 0.4715740740740741 0.0029629629629629632 0.014601851851851852
0 0.527625 0.4652685185185185 0.002458333333333333 0.012222222222222221
0 0.4823935185185185 0.46474074074074073 0.0021527777777777778 0.009796296296296296
0 0.4902083333333333 0.47047222222222224 0.0027824074074074075 0.010694444444444446
0 0.4902129629629629 0.4822777777777778 0.0031666666666666666 0.015111111111111112
0 0.479875 0.5073148148148148 0.003425925925925926 0.017916666666666668
0 0.4575462962962963 0.4766851851851852 0.0027407407407407406 0.015287037037037038
0 0.4514351851851852 0.4868518518518518 0.0038101851851851855 0.015499999999999998
0 0.4929398148148148 0.484537037037037 0.0041898148148148155 0.015722222222222224
0 0.6306203703703704 0.5988981481481481 0.012787037037037038 0.03950925925925926