0 0.38281481481481483 0.4884722222222222 0.004597222222222222 0.0165
0 0.47602777777777777 0.48143518518518524 0.0033194444444444443 0.01662037037037037
0 0.47970370370370374 0.4688981481481482 0.0024444444444444444 0.013240740740740742
0 0.5319814814814815 0.5073518518518519 0.007449074074074074 0.02187037037037037
0 0.524087962962963 0.48976851851851855 0.0036990740740740742 0.015953703703703703
0 0.5249953703703704 0.48218518518518516 0.002925925925925926 0.01837962962962963
0 0.5380694444444445 0.4601018518518519 0.002958333333333333 0.013666666666666667
0 0.5435462962962962 0.46285185185185185 0.003171296296296296 0.012490740740740741
0 0.5729907407407407 0.46128703703703705 0.00400462962962963 0.011037037037037036
0 0.5866944444444444 0.47248148148148145 0.003722222222222222 0.014898148148148148
0 0.5867685185185185 0.5055185185185186 0.00487037037037037 0.02162962962962963
0 0.6009861111111111 0.5283888888888889 0.005768518518518519 0.023370370370370368
0 0.6953981481481482 0.4958240740740741 0.006402777777777778 0.018203703703703705
0 0.6639814814814815 0.4881666666666667 0.006259259259259259 0.015138888888888891
0 0.6880694444444444 0.48304629629629636 0.005268518518518519 0.012333333333333333
0 0.618875 0.4810925925925926 0.005157407407407407 0.01687037037037037
0 0.48522222222222217 0.46488888888888885 0.0028194444444444443 0.013416666666666667
0 0.48786574074074074 0.46297222222222223 0.0025370370370370373 0.011064814814814814
0 0.5246574074074074 0.4579814814814815 0.0020601851851851853 0.010722222222222222
0 0.5193657407407407 0.45841666666666664 0.002398148148148148 0.009000000000000001
0 0.6948425925925925 0.4834166666666667 0.005208333333333333 0.01437037037037037
1 0.6653194444444444 0.7086666666666667 0.006634259259259259 0.013722222222222222
1 0.650337962962963 0.6727500000000001 0.005032407407407407 0.014185185185185186
1 0.49959259259259253 0.6926574074074074 0.006402777777777778 0.011898148148148147
1 0.3370092592592593 0.6597407407407407 0.006060185185185185 0.011731481481481482
1 0.25077777777777777 0.6349074074074075 0.006060185185185185 0.009777777777777778
1 0.06237499999999999 0.6519166666666667 0.007037037037037037 0.011731481481481482