1 0.6355555555555555 0.490324074074074 0.0019212962962962964 0.0031296296296296293
0 0.6442361111111111 0.4811759259259259 0.006342592592592592 0.015333333333333332
0 0.6429398148148148 0.5023240740740741 0.006699074074074074 0.02021296296296296
0 0.6338055555555555 0.5777777777777777 0.010842592592592593 0.03225
0 0.6078148148148149 0.4764814814814815 0.004657407407407408 0.014324074074074074
0 0.5817962962962964 0.4857222222222223 0.004333333333333333 0.017527777777777778
0 0.5528564814814815 0.4651111111111111 0.005055555555555555 0.012268518518518519
0 0.49662962962962964 0.45944444444444443 0.002425925925925926 0.010787037037037038
0 0.4757777777777778 0.4691018518518518 0.003064814814814815 0.012361111111111111
0 0.4833981481481482 0.4823333333333333 0.0027962962962962963 0.017657407407407406
0 0.4743194444444444 0.4908611111111111 0.0038425925925925928 0.01748148148148148
0 0.45499537037037036 0.606648148148148 0.007050925925925926 0.0367962962962963
0 0.36544907407407407 0.495 0.005740740740740741 0.01738888888888889
0 0.4612361111111111 0.5420277777777778 0.0064907407407407405 0.031175925925925926
0 0.46749999999999997 0.49311111111111106 0.0037453703703703703 0.018027777777777778
0 0.4726851851851852 0.48073148148148154 0.0032824074074074075 0.014592592592592593
0 0.47053703703703703 0.47167592592592594 0.0029305555555555556 0.013083333333333334
0 0.5095277777777777 0.47690740740740734 0.0033194444444444443 0.015379629629629629
0 0.525587962962963 0.4923796296296296 0.004092592592592592 0.016555555555555556
0 0.5302685185185185 0.46691666666666665 0.0035787037037037037 0.013999999999999999
0 0.5607546296296296 0.519611111111111 0.00600462962962963 0.024916666666666667
0 0.5747824074074074 0.47887037037037034 0.005152777777777778 0.014722222222222223
0 0.6057824074074074 0.49323148148148155 0.006314814814814815 0.018250000000000002