0 0.2787916666666667 0.48779629629629634 0.004791666666666666 0.01951851851851852
0 0.29684722222222226 0.4880925925925926 0.006319444444444444 0.014018518518518519
0 0.23779629629629628 0.5162592592592592 0.003662037037037037 0.018472222222222223
0 0.23376388888888888 0.5161296296296296 0.00475 0.018222222222222223
1 0.19474537037037035 0.5502592592592592 0.002990740740740741 0.009185185185185185
0 0.19937962962962963 0.5372129629629631 0.012773148148148148 0.019694444444444445
0 0.18849537037037037 0.5440833333333334 0.009814814814814814 0.02124074074074074
0 0.2784398148148148 0.535324074074074 0.008157407407407408 0.02609259259259259
0 0.2694166666666667 0.553425925925926 0.008930555555555554 0.026703703703703705
0 0.3158611111111111 0.5059444444444444 0.008199074074074074 0.02140740740740741
0 0.3288935185185185 0.48778703703703696 0.005458333333333333 0.013888888888888888
0 0.33971296296296294 0.4726851851851852 0.0030925925925925925 0.011425925925925926
0 0.32079166666666664 0.4849537037037037 0.0047314814814814815 0.012490740740740741
0 0.3178564814814815 0.48051851851851857 0.004194444444444445 0.014287037037037037
0 0.3753009259259259 0.47583333333333333 0.004930555555555556 0.01771296296296296
0 0.39691203703703704 0.4605462962962963 0.0025509259259259257 0.011666666666666667
0 0.4000370370370371 0.4648981481481481 0.0029305555555555556 0.010555555555555556
0 0.36565277777777777 0.5029907407407408 0.004569444444444444 0.02188888888888889
0 0.40047222222222223 0.48425 0.0059398148148148144 0.01961111111111111
0 0.39897685185185183 0.49773148148148144 0.006685185185185185 0.020962962962962964
0 0.4194953703703704 0.4784166666666667 0.004787037037037037 0.015416666666666665
0 0.4625231481481481 0.4697037037037037 0.003361111111111111 0.016657407407407405
0 0.4733148148148148 0.4921944444444445 0.006009259259259259 0.02163888888888889
0 0.5073148148148148 0.5987592592592592 0.008671296296296297 0.03794444444444444
0 0.5841666666666666 0.47953703703703704 0.004416666666666666 0.017453703703703704
1 0.44475925925925924 0.63675 0.0034814814814814812 0.0073981481481481485