0 0.4040648148148148 0.4746018518518519 0.004930555555555556 0.01748148148148148
0 0.5115833333333333 0.47481481481481475 0.0026990740740740742 0.016824074074074075
0 0.5476342592592593 0.46662037037037035 0.003148148148148148 0.013305555555555555
0 0.555675925925926 0.46647222222222223 0.0027916666666666667 0.012648148148148148
0 0.5767268518518519 0.459287037037037 0.0030509259259259257 0.010833333333333332
0 0.5725 0.47137037037037033 0.004245370370370371 0.014055555555555556
0 0.5768888888888889 0.4755370370370371 0.003898148148148148 0.015953703703703703
0 0.5812685185185185 0.47679629629629633 0.0038472222222222224 0.015787037037037037
0 0.6022685185185186 0.46405555555555555 0.003652777777777778 0.00937962962962963
0 0.6119166666666667 0.47199074074074077 0.004601851851851852 0.01176851851851852
0 0.6226805555555556 0.4998703703703704 0.009546296296296298 0.01712962962962963
0 0.6356666666666666 0.4849351851851852 0.0062824074074074076 0.013814814814814814
0 0.6376944444444445 0.4734074074074074 0.005263888888888888 0.009620370370370371
0 0.646375 0.4822962962962963 0.006967592592592593 0.013287037037037036
0 0.6514814814814816 0.4821203703703704 0.005259259259259259 0.01336111111111111
0 0.6678194444444444 0.4912407407407407 0.008180555555555555 0.01439814814814815
0 0.6919814814814815 0.498212962962963 0.007245370370370371 0.015444444444444445
0 0.6991018518518518 0.4987777777777777 0.005462962962962963 0.015222222222222224
0 0.6988935185185184 0.5033981481481481 0.006550925925925926 0.013111111111111112
0 0.7057083333333333 0.4978518518518518 0.006824074074074074 0.01573148148148148
0 0.7199398148148148 0.5041481481481481 0.008407407407407407 0.012277777777777778
0 0.7385972222222221 0.5173611111111112 0.0076620370370370375 0.013666666666666667
1 0.7752824074074074 0.6956574074074073 0.011467592592592592 0.015796296296296294
1 0.4448287037037037 0.6355925925925926 0.00499537037037037 0.00912037037037037
1 0.9317314814814814 0.6400462962962963 0.009226851851851852 0.011944444444444445