0 0.8468935185185185 0.603462962962963 0.01590277777777778 0.031027777777777776
0 0.631986111111111 0.5157962962962962 0.009245370370370369 0.020277777777777777
0 0.6193796296296296 0.49701851851851847 0.005185185185185185 0.017074074074074075
0 0.6206851851851852 0.4826759259259259 0.005597222222222222 0.016425925925925924
0 0.606162037037037 0.4698888888888889 0.0048009259259259255 0.012574074074074074
0 0.5925277777777778 0.46414814814814814 0.0034953703703703705 0.010268518518518519
0 0.5901666666666666 0.46328703703703705 0.003634259259259259 0.011870370370370371
0 0.5834537037037038 0.46912037037037035 0.004694444444444445 0.012064814814814815
0 0.5855370370370371 0.4663425925925926 0.004231481481481482 0.010583333333333333
0 0.5813240740740742 0.4629074074074074 0.00475 0.009648148148148149
0 0.568837962962963 0.45828703703703705 0.0032592592592592595 0.009268518518518518
0 0.5712638888888889 0.4580648148148148 0.003671296296296296 0.009953703703703704
0 0.577574074074074 0.4585 0.0033148148148148147 0.010833333333333332
0 0.5661157407407407 0.47382407407407406 0.005263888888888888 0.01400925925925926
0 0.5441203703703703 0.4691296296296297 0.0047546296296296295 0.012472222222222223
0 0.5356759259259259 0.4705740740740741 0.0033564814814814816 0.013916666666666666
0 0.5387129629629629 0.46008333333333334 0.0039953703703703705 0.014388888888888889
0 0.5219675925925926 0.47064814814814815 0.003958333333333334 0.015499999999999998
0 0.4971990740740741 0.45999074074074076 0.003722222222222222 0.012935185185185185
0 0.40544907407407405 0.47350925925925924 0.003564814814814815 0.01839814814814815
0 0.6884259259259259 0.49249074074074073 0.005597222222222222 0.016074074074074074
0 0.5346388888888889 0.4542962962962963 0.003736111111111111 0.010231481481481482
1 0.9325138888888889 0.6396018518518518 0.010949074074074073 0.016814814814814814
1 0.774912037037037 0.6941574074074075 0.010166666666666668 0.01563888888888889
1 0.658337962962963 0.656462962962963 0.0048009259259259255 0.009601851851851851
1 0.445 0.6362685185185185 0.004462962962962963 0.008407407407407407