0 0.5071944444444444 0.5718240740740741 0.010069444444444445 0.033296296296296296
0 0.43489351851851854 0.5906759259259259 0.010416666666666666 0.03484259259259259
0 0.3631712962962963 0.5374907407407408 0.008185185185185184 0.024888888888888887
0 0.31762500000000005 0.5311018518518519 0.009245370370370369 0.02203703703703704
0 0.33443055555555556 0.5235462962962962 0.0071805555555555555 0.019666666666666666
0 0.3944212962962963 0.5240185185185186 0.008777777777777778 0.02487037037037037
0 0.4148564814814815 0.5068796296296296 0.0068935185185185184 0.017527777777777778
0 0.4032777777777778 0.4960648148148148 0.004527777777777777 0.01930555555555556
0 0.3900092592592592 0.48724074074074075 0.004361111111111111 0.014805555555555556
0 0.4526898148148148 0.4961759259259259 0.004212962962962963 0.017416666666666667
0 0.4832268518518518 0.49434259259259256 0.0038009259259259263 0.020842592592592593
0 0.30003703703703705 0.5106388888888889 0.007837962962962963 0.01687037037037037
0 0.5044583333333333 0.46703703703703703 0.0033333333333333335 0.013518518518518518
0 0.5033564814814815 0.4923518518518519 0.005680555555555555 0.020657407407407406
0 0.5405185185185185 0.5191111111111111 0.004976851851851852 0.026314814814814815
0 0.5347222222222222 0.47898148148148145 0.00550925925925926 0.01746296296296296
0 0.5456435185185184 0.4754537037037037 0.0037083333333333334 0.015925925925925927
0 0.573212962962963 0.5026388888888889 0.007550925925925925 0.02239814814814815
0 0.58375 0.5037592592592592 0.006055555555555555 0.02139814814814815
0 0.6192407407407408 0.5419074074074074 0.009768518518518518 0.02687037037037037
0 0.6212453703703704 0.536861111111111 0.00912037037037037 0.028675925925925924
0 0.6489166666666667 0.5191851851851852 0.0062824074074074076 0.023314814814814816
0 0.673462962962963 0.4881203703703703 0.005805555555555555 0.02015740740740741
0 0.7663981481481482 0.5900185185185185 0.013736111111111112 0.035944444444444446
1 0.6501018518518519 0.6714351851851852 0.007592592592592592 0.011574074074074073
1 0.6662824074074074 0.7081296296296296 0.007773148148148148 0.013379629629629628
1 0.49915277777777783 0.6950555555555555 0.005861111111111111 0.0105
1 0.33659259259259255 0.6593888888888889 0.004884259259259259 0.009037037037037036
1 0.25049074074074074 0.6356944444444445 0.00512962962962963 0.008064814814814816