0 0.32741203703703703 0.49851851851851847 0.005013888888888889 0.014518518518518517
0 0.42737037037037034 0.490787037037037 0.004083333333333334 0.01774074074074074
0 0.434087962962963 0.5028148148148148 0.006375 0.018842592592592595
0 0.4421759259259259 0.47799074074074077 0.003861111111111111 0.013796296296296296
0 0.49233333333333335 0.48321296296296296 0.0030601851851851853 0.017287037037037038
0 0.4884722222222222 0.4701574074074074 0.0031296296296296293 0.014407407407407409
0 0.5234305555555555 0.46016666666666667 0.002203703703703704 0.010796296296296297
0 0.5514259259259259 0.46888888888888886 0.002328703703703704 0.013268518518518518
0 0.5556111111111111 0.47586111111111107 0.0038749999999999995 0.01839814814814815
0 0.5613055555555556 0.46885185185185185 0.0029814814814814817 0.013592592592592592
0 0.5701064814814815 0.4832685185185185 0.0035925925925925925 0.014777777777777779
0 0.5740462962962963 0.48050000000000004 0.0035092592592592593 0.014805555555555556
0 0.5738425925925926 0.47309259259259256 0.004245370370370371 0.015925925925925927
0 0.579287037037037 0.4658425925925926 0.0033333333333333335 0.011212962962962963
0 0.6053425925925926 0.4885277777777778 0.006486111111111111 0.016462962962962964
0 0.6248194444444444 0.4730462962962963 0.004643518518518518 0.013333333333333334
0 0.6421250000000001 0.4823888888888889 0.004597222222222222 0.015509259259259259
0 0.6477546296296297 0.480787037037037 0.004527777777777777 0.014611111111111111
0 0.6744305555555555 0.4962592592592593 0.005560185185185185 0.015037037037037036
0 0.6775648148148148 0.48305555555555557 0.0054907407407407405 0.014157407407407407
0 0.6922453703703704 0.49294444444444446 0.007300925925925926 0.016277777777777776
0 0.8743240740740741 0.5825 0.016115740740740743 0.02659259259259259
0 0.5552962962962963 0.4775833333333333 0.0034305555555555556 0.01437037037037037
1 0.665412037037037 0.7088981481481481 0.007717592592592594 0.014925925925925928
1 0.6502314814814815 0.6713333333333333 0.007203703703703704 0.010805555555555556
1 0.49951851851851853 0.6937037037037037 0.004884259259259259 0.011722222222222222
1 0.3365324074074074 0.6590185185185186 0.00549537037037037 0.009277777777777777
1 0.25067592592592597 0.636425925925926 0.00525 0.009527777777777777
1 0.06265277777777778 0.6535277777777777 0.006597222222222222 0.0105