0 0.6179212962962963 0.6017962962962964 0.014560185185185185 0.04111111111111111
0 0.524712962962963 0.4964537037037037 0.006851851851851852 0.02226851851851852
0 0.47230555555555553 0.5121481481481481 0.007106481481481481 0.022333333333333334
0 0.42827314814814815 0.50225 0.006851851851851852 0.023851851851851853
0 0.40619444444444447 0.48144444444444445 0.0053287037037037036 0.021824074074074076
0 0.37548148148148147 0.5025092592592593 0.007361111111111112 0.02436111111111111
0 0.3565740740740741 0.4822037037037037 0.005583333333333333 0.019287037037037037
0 0.3481990740740741 0.47230555555555553 0.005583333333333333 0.01776851851851852
0 0.48113425925925923 0.46693518518518523 0.003597222222222222 0.014194444444444445
0 0.4586388888888889 0.4726388888888889 0.004 0.014796296296296297
0 0.4631388888888889 0.4586388888888889 0.0031990740740740742 0.012796296296296297
0 0.4560416666666666 0.4608425925925926 0.003 0.01399074074074074
0 0.4511435185185185 0.456037037037037 0.002800925925925926 0.012
0 0.4486435185185185 0.456537037037037 0.003398148148148148 0.012592592592592593
0 0.4372962962962963 0.4528425925925926 0.0030972222222222226 0.012
0 0.4308009259259259 0.46693518518518523 0.0045000000000000005 0.016194444444444442
0 0.4293009259259259 0.4576388888888889 0.0034999999999999996 0.012
0 0.5146712962962964 0.47173148148148153 0.0036990740740740742 0.017796296296296296
0 0.5113703703703704 0.4716388888888889 0.0034999999999999996 0.016398148148148148
0 0.5037731481481482 0.46124074074074073 0.0030972222222222226 0.01399074074074074
0 0.49357870370370377 0.457537037037037 0.0026990740740740742 0.013
0 0.49717592592592597 0.45334259259259263 0.0026990740740740742 0.011398148148148149
0 0.502726851851852 0.4553425925925926 0.002398148148148148 0.012194444444444444
0 0.6112361111111111 0.4786481481481482 0.005166666666666667 0.016287037037037037