0 0.720087962962963 0.5874537037037038 0.014763888888888889 0.03362962962962963
0 0.6619861111111112 0.48190740740740745 0.004634259259259259 0.017898148148148146
0 0.5510138888888889 0.5574722222222223 0.00886574074074074 0.03099074074074074
0 0.3803240740740741 0.4898981481481482 0.00538425925925926 0.01573148148148148
0 0.5948194444444445 0.4996203703703704 0.005759259259259259 0.01990740740740741
0 0.5752916666666668 0.5188055555555555 0.005851851851851852 0.021018518518518516
0 0.5835833333333333 0.495212962962963 0.005888888888888889 0.018537037037037036
0 0.4490046296296296 0.5154814814814815 0.003976851851851852 0.021185185185185185
0 0.45989814814814817 0.4798055555555556 0.0032175925925925926 0.01425
0 0.4702037037037037 0.46678703703703706 0.004300925925925926 0.01076851851851852
0 0.4787407407407407 0.4681944444444444 0.0026574074074074074 0.011972222222222223
1 0.47173611111111113 0.47040740740740744 0.0018935185185185186 0.0035185185185185185
0 0.4864351851851852 0.47250000000000003 0.003148148148148148 0.014546296296296297
0 0.48694907407407406 0.48427777777777775 0.003472222222222222 0.017055555555555556
0 0.4815694444444445 0.4938055555555555 0.004569444444444444 0.017333333333333333
0 0.5280601851851852 0.4626481481481482 0.004009259259259259 0.011222222222222222
0 0.5022916666666667 0.4601018518518519 0.0021018518518518517 0.008703703703703705
0 0.5379398148148148 0.4819537037037037 0.004277777777777778 0.01563888888888889
0 0.5671018518518519 0.4828240740740741 0.003041666666666667 0.015546296296296296
0 0.565837962962963 0.47961111111111115 0.003087962962962963 0.014768518518518518
0 0.5619537037037037 0.4751018518518519 0.003212962962962963 0.015342592592592593
0 0.5299027777777777 0.4870555555555555 0.003152777777777778 0.016074074074074074
0 0.5193009259259259 0.4776018518518518 0.0026666666666666666 0.01437962962962963
0 0.5174027777777778 0.4704259259259259 0.002967592592592593 0.012935185185185185
0 0.5146111111111111 0.4726666666666667 0.0043287037037037035 0.01212037037037037