0 0.4850092592592592 0.49907407407407406 0.0035509259259259257 0.019749999999999997
0 0.5995416666666666 0.5843148148148147 0.011875 0.03791666666666667
1 0.4864583333333333 0.48845370370370367 0.0015509259259259259 0.004203703703703703
0 0.404212962962963 0.4881666666666667 0.003412037037037037 0.015935185185185188
0 0.4056898148148148 0.4868333333333333 0.0020833333333333333 0.015944444444444445
0 0.4068101851851852 0.4868611111111111 0.002236111111111111 0.013703703703703704
0 0.40902777777777777 0.4889537037037037 0.0028796296296296296 0.015685185185185187
0 0.41128703703703706 0.4881296296296296 0.003587962962962963 0.015712962962962963
0 0.41614814814814816 0.48691666666666666 0.0030972222222222226 0.014657407407407407
0 0.4172592592592593 0.4856759259259259 0.0024814814814814816 0.014444444444444444
0 0.413787037037037 0.4851296296296297 0.0015277777777777776 0.015222222222222224
0 0.4101018518518519 0.4862685185185185 0.001675925925925926 0.015620370370370371
0 0.4070972222222222 0.48640740740740745 0.0019305555555555556 0.014833333333333334
0 0.5709722222222222 0.47787962962962965 0.0025046296296296297 0.014833333333333334
0 0.5695509259259259 0.47945370370370366 0.002162037037037037 0.01437962962962963
0 0.5674907407407407 0.4802407407407407 0.0019444444444444446 0.014944444444444444
0 0.5646249999999999 0.4803796296296296 0.0025833333333333333 0.012537037037037036
0 0.5624027777777778 0.4790833333333333 0.00450462962962963 0.011953703703703704
0 0.5623981481481481 0.47702777777777783 0.001574074074074074 0.010481481481481482
0 0.5652314814814815 0.4766944444444445 0.001939814814814815 0.011416666666666667
0 0.5682268518518518 0.47598148148148145 0.0015555555555555555 0.013166666666666667