0 0.5703981481481482 0.4801574074074075 0.005416666666666666 0.018555555555555554
0 0.4925231481481481 0.6023240740740741 0.00823611111111111 0.03849074074074074
0 0.3260648148148148 0.5731944444444445 0.018953703703703702 0.02825
0 0.22939351851851852 0.5951388888888889 0.00860648148148148 0.02825925925925926
0 0.24922685185185187 0.560212962962963 0.008944444444444444 0.021333333333333333
0 0.32587962962962963 0.5272129629629629 0.012685185185185185 0.018833333333333334
0 0.3188333333333333 0.5137592592592592 0.00712962962962963 0.01778703703703704
0 0.2904814814814815 0.5057407407407408 0.006796296296296296 0.015194444444444444
0 0.34385185185185185 0.49637962962962967 0.005416666666666666 0.016055555555555556
0 0.34887037037037033 0.5077962962962963 0.006569444444444445 0.015185185185185184
0 0.3535092592592593 0.5057407407407408 0.005962962962962963 0.01864814814814815
0 0.3566898148148148 0.4947592592592593 0.006069444444444444 0.015777777777777776
0 0.3719398148148148 0.48340740740740745 0.004050925925925926 0.011527777777777777
0 0.38340277777777776 0.49164814814814817 0.004180555555555555 0.014277777777777778
0 0.3811203703703704 0.488787037037037 0.003930555555555556 0.013240740740740742
0 0.39352314814814815 0.5075185185185185 0.004439814814814815 0.017694444444444443
0 0.3992453703703704 0.4887222222222223 0.004819444444444445 0.015
0 0.39617592592592593 0.47923148148148154 0.004587962962962963 0.014212962962962962
0 0.41132407407407406 0.4682222222222222 0.0037407407407407407 0.011703703703703704
0 0.4172685185185185 0.5052962962962964 0.00437962962962963 0.018509259259259257
0 0.42700462962962965 0.4864722222222222 0.004333333333333333 0.015759259259259258
0 0.427462962962963 0.47199074074074077 0.003851851851851852 0.011555555555555557
0 0.44327777777777777 0.4738981481481481 0.0033055555555555555 0.01349074074074074
0 0.46137962962962964 0.47212037037037036 0.003115740740740741 0.014805555555555556
1 0.7831388888888888 0.6270833333333333 0.008578703703703705 0.01363888888888889
1 0.6493009259259259 0.6704166666666667 0.007916666666666667 0.011435185185185185
1 0.49643055555555554 0.6625 0.0061574074074074074 0.011435185185185185
1 0.3371851851851852 0.6594166666666667 0.006597222222222222 0.010555555555555556
1 0.25030555555555556 0.6361018518518519 0.0061574074074074074 0.010555555555555556
1 0.2859398148148148 0.5848518518518518 0.005277777777777778 0.011879629629629629