0 0.3419074074074074 0.46596296296296297 0.004981481481481482 0.016694444444444446
0 0.4088425925925926 0.4600648148148148 0.0025925925925925925 0.012018518518518519
0 0.3889814814814815 0.47358333333333336 0.003472222222222222 0.015453703703703706
0 0.38331481481481483 0.49062962962962964 0.003935185185185185 0.01834259259259259
0 0.4557777777777778 0.45989814814814817 0.0030462962962962965 0.012101851851851851
0 0.4906481481481481 0.45566666666666666 0.001972222222222222 0.011092592592592593
0 0.4910046296296296 0.5046666666666666 0.004564814814814815 0.021564814814814814
0 0.5249675925925926 0.4612685185185185 0.0027824074074074075 0.012916666666666667
0 0.5378611111111111 0.4695833333333333 0.002736111111111111 0.015787037037037037
0 0.47496759259259264 0.45135185185185184 0.0018148148148148147 0.011592592592592592
0 0.43254166666666666 0.4499537037037037 0.0024861111111111112 0.013324074074074075
0 0.6188981481481481 0.47838888888888886 0.004393518518518519 0.016675925925925927
0 0.5222824074074075 0.45425 0.001861111111111111 0.010759259259259258
0 0.5261064814814815 0.4560462962962963 0.002759259259259259 0.012138888888888888
0 0.5334814814814814 0.4685 0.003074074074074074 0.015842592592592592
0 0.5490046296296296 0.47688888888888886 0.00400462962962963 0.01700925925925926
0 0.5102453703703704 0.5202592592592593 0.006217592592592592 0.027925925925925927
0 0.49121759259259257 0.45893518518518517 0.0032962962962962963 0.012324074074074074
0 0.48068518518518516 0.45314814814814813 0.0038287037037037035 0.01525
0 0.42637962962962966 0.4591851851851852 0.003148148148148148 0.013944444444444445
0 0.41925462962962967 0.4763333333333334 0.0034629629629629633 0.018129629629629627
0 0.4095 0.4990833333333333 0.0034537037037037036 0.02014814814814815
0 0.6987592592592592 0.6003240740740741 0.01300925925925926 0.03637962962962963
0 0.4551527777777778 0.4643888888888889 0.004208333333333333 0.013203703703703704