0 0.3214814814814815 0.5000092592592592 0.008018518518518519 0.01862962962962963
1 0.2508425925925926 0.6349166666666667 0.003967592592592593 0.008416666666666666
0 0.4311064814814815 0.4795185185185185 0.005634259259259259 0.016685185185185185
0 0.42516203703703703 0.4941481481481481 0.0054675925925925925 0.016935185185185185
0 0.41938888888888887 0.5088703703703704 0.005652777777777778 0.01737962962962963
0 0.44788425925925923 0.476925925925926 0.004629629629629629 0.015194444444444444
0 0.4778935185185185 0.46637962962962964 0.002935185185185185 0.01138888888888889
0 0.4515787037037037 0.47111111111111115 0.006185185185185185 0.013092592592592593
0 0.49272222222222223 0.47410185185185183 0.0038657407407407408 0.013111111111111112
0 0.48035648148148147 0.48635185185185187 0.004050925925925926 0.014462962962962962
0 0.476462962962963 0.4908981481481481 0.004625 0.014870370370370369
0 0.473 0.49625 0.004115740740740741 0.01652777777777778
0 0.47122685185185187 0.5000092592592592 0.003134259259259259 0.01647222222222222
0 0.4672175925925926 0.5738796296296296 0.010791666666666666 0.03287962962962963
0 0.5461990740740741 0.5161018518518519 0.004648148148148148 0.022231481481481484
0 0.5160370370370371 0.46124074074074073 0.002023148148148148 0.01161111111111111
0 0.5222407407407407 0.47485185185185186 0.003208333333333333 0.013518518518518518
0 0.5317453703703704 0.47461111111111115 0.003953703703703703 0.015222222222222224
0 0.5573657407407407 0.4688425925925926 0.003824074074074074 0.012361111111111111
0 0.5574305555555555 0.4785740740740741 0.003277777777777778 0.01412037037037037
0 0.5339259259259259 0.4614537037037037 0.0038009259259259263 0.010027777777777778
0 0.577212962962963 0.46964814814814815 0.0037268518518518523 0.013601851851851851
0 0.651287037037037 0.4795740740740741 0.005916666666666666 0.016083333333333335
0 0.5846805555555556 0.48387962962962966 0.005462962962962963 0.01674074074074074
0 0.8567962962962963 0.58475 0.017092592592592593 0.03303703703703704