0 0.38428703703703704 0.5954166666666666 0.011032407407407407 0.037
0 0.3242916666666667 0.49778703703703703 0.0038564814814814816 0.016287037037037037
0 0.4115462962962963 0.5211203703703703 0.005726851851851852 0.02264814814814815
0 0.42725 0.4891851851851852 0.003962962962962963 0.016
0 0.43712500000000004 0.4905185185185185 0.004898148148148148 0.0145
0 0.4336666666666667 0.48087962962962966 0.0031435185185185186 0.013694444444444443
0 0.44619444444444445 0.47173148148148153 0.003013888888888889 0.012407407407407407
0 0.436875 0.47681481481481486 0.002467592592592593 0.014018518518518519
0 0.45199537037037035 0.4658888888888889 0.003115740740740741 0.011907407407407406
0 0.45655555555555555 0.5008981481481481 0.005027777777777778 0.018611111111111113
0 0.48147222222222225 0.46580555555555553 0.002018518518518519 0.013462962962962963
0 0.47168055555555555 0.47076851851851853 0.003412037037037037 0.011675925925925925
0 0.47034259259259265 0.48274074074074075 0.0031574074074074074 0.012490740740740741
0 0.4781759259259259 0.48447222222222225 0.0037453703703703703 0.014898148148148148
0 0.48631481481481487 0.5046111111111111 0.005032407407407407 0.019537037037037037
0 0.5419444444444445 0.5101851851851852 0.009518518518518518 0.01962962962962963
0 0.5319675925925925 0.4784537037037037 0.0034583333333333332 0.014037037037037037
0 0.509162037037037 0.47425000000000006 0.002625 0.01473148148148148
0 0.5139305555555556 0.4710740740740741 0.0027962962962962963 0.01176851851851852
0 0.5268981481481481 0.4655833333333333 0.0025462962962962965 0.012342592592592593
1 0.5562546296296296 0.4786666666666667 0.0018796296296296295 0.004703703703703704
0 0.5708888888888889 0.47622222222222227 0.004944444444444444 0.01737962962962963
0 0.6214907407407407 0.4775277777777778 0.004532407407407407 0.012842592592592591
0 0.6247962962962963 0.5988240740740741 0.010601851851851852 0.03888888888888889