1 0.6376759259259259 0.4842962962962963 0.0023194444444444443 0.0055462962962962966
0 0.6426805555555556 0.4800277777777777 0.006476851851851852 0.018083333333333333
0 0.687125 0.5071388888888889 0.00862962962962963 0.021879629629629627
0 0.7032916666666666 0.5530092592592593 0.010152777777777778 0.02785185185185185
0 0.6022407407407407 0.46929629629629627 0.003787037037037037 0.012759259259259258
0 0.6098703703703704 0.48731481481481476 0.0043287037037037035 0.01490740740740741
0 0.6025462962962963 0.48488888888888887 0.0037407407407407407 0.014324074074074074
0 0.6025555555555555 0.5177777777777778 0.006574074074074073 0.021444444444444443
0 0.5913518518518518 0.47445370370370366 0.0047777777777777775 0.013379629629629628
0 0.5674351851851852 0.48467592592592595 0.004361111111111111 0.01561111111111111
0 0.5727453703703704 0.57325 0.008541666666666666 0.03217592592592593
0 0.522287037037037 0.4668333333333333 0.002412037037037037 0.012305555555555554
0 0.5257175925925925 0.4778333333333333 0.0035277777777777777 0.013462962962962963
0 0.5276620370370371 0.48550000000000004 0.003023148148148148 0.016898148148148148
0 0.5122222222222222 0.46921296296296294 0.0030694444444444445 0.014074074074074074
0 0.493875 0.4802777777777778 0.0027175925925925926 0.01425
0 0.4812222222222223 0.46753703703703703 0.0016527777777777778 0.011546296296296298
0 0.47823611111111114 0.4721111111111111 0.0016805555555555556 0.014472222222222223
0 0.48870370370370364 0.5247962962962963 0.004944444444444444 0.02411111111111111
0 0.47150462962962963 0.47712962962962957 0.0028379629629629627 0.013092592592592593
0 0.46901851851851856 0.495537037037037 0.0026666666666666666 0.018583333333333334
0 0.46698611111111116 0.509074074074074 0.00538425925925926 0.02112962962962963
0 0.4940462962962963 0.45992592592592596 0.001898148148148148 0.010046296296296296
0 0.7968194444444445 0.5861944444444445 0.012875 0.03148148148148148
0 0.3475416666666667 0.49787962962962967 0.005032407407407407 0.01612037037037037
1 0.2506527777777778 0.6361666666666667 0.0034629629629629633 0.00900925925925926
1 0.4989861111111111 0.6937962962962962 0.005120370370370371 0.009722222222222222
1 0.6497777777777778 0.6710370370370371 0.0050416666666666665 0.010694444444444446
1 0.6660046296296296 0.7078796296296296 0.005740740740740741 0.009537037037037038