1 0.49310648148148145 0.4633611111111111 0.0015694444444444445 0.0036296296296296294
0 0.3361527777777778 0.4970925925925926 0.005300925925925926 0.016407407407407405
0 0.4088842592592593 0.4868333333333333 0.00512962962962963 0.015046296296296295
0 0.4333287037037037 0.493324074074074 0.0044444444444444444 0.019148148148148147
0 0.4629027777777778 0.46871296296296294 0.002736111111111111 0.011620370370370371
0 0.48700462962962965 0.46289814814814817 0.0030787037037037037 0.01025925925925926
0 0.5009351851851852 0.46717592592592594 0.002564814814814815 0.010601851851851852
0 0.46854166666666663 0.5076851851851851 0.0030787037037037037 0.017092592592592593
0 0.5180277777777778 0.46255555555555555 0.0029074074074074076 0.009574074074074073
0 0.5293101851851851 0.4709351851851852 0.0029074074074074076 0.011962962962962963
0 0.5335833333333333 0.4774351851851852 0.006666666666666667 0.014018518518518519
0 0.541449074074074 0.4991388888888889 0.005981481481481482 0.018462962962962966
0 0.6224074074074074 0.4797592592592593 0.004935185185185186 0.017370370370370373
0 0.5246759259259259 0.48114814814814816 0.004935185185185186 0.018555555555555554
0 0.5459027777777778 0.5218148148148147 0.006712962962962963 0.024083333333333335
0 0.5139166666666667 0.46298148148148144 0.004342592592592593 0.012240740740740741
0 0.49121296296296296 0.4617962962962963 0.001972222222222222 0.012240740740740741
0 0.497037037037037 0.46673148148148147 0.00375 0.011842592592592592
0 0.4805509259259259 0.4850925925925926 0.0027638888888888886 0.015398148148148147
0 0.44609722222222226 0.4704814814814815 0.0021712962962962966 0.014611111111111111
0 0.44362962962962965 0.4756111111111111 0.0031574074074074074 0.010657407407407407
0 0.404837962962963 0.4975277777777778 0.004148148148148148 0.016583333333333332
0 0.3962453703703704 0.5135185185185185 0.003949074074074074 0.018555555555555554
0 0.48696759259259254 0.4827222222222223 0.004541666666666667 0.016185185185185184
0 0.6147083333333333 0.5968425925925926 0.012439814814814815 0.03356481481481482