0 0.3415416666666667 0.5024166666666667 0.006171296296296296 0.015675925925925926
0 0.43789814814814815 0.5018796296296296 0.004453703703703704 0.019083333333333334
0 0.41226851851851853 0.5793796296296296 0.005162037037037037 0.029824074074074076
0 0.48605092592592586 0.47484259259259265 0.0027824074074074075 0.013194444444444444
0 0.4769953703703703 0.4613425925925926 0.0019629629629629632 0.010703703703703705
0 0.5232175925925926 0.4859814814814815 0.003115740740740741 0.016648148148148148
0 0.5116157407407407 0.5073240740740741 0.005087962962962963 0.023435185185185184
0 0.5113425925925926 0.5686388888888889 0.007828703703703704 0.03311111111111111
0 0.5349444444444444 0.5061481481481481 0.0033657407407407408 0.01933333333333333
0 0.5774444444444444 0.5362685185185185 0.0056157407407407415 0.02790740740740741
0 0.5735694444444445 0.493787037037037 0.004537037037037037 0.018851851851851852
0 0.5728564814814814 0.48642592592592593 0.004648148148148148 0.016212962962962964
0 0.599287037037037 0.4823888888888889 0.004106481481481481 0.016898148148148148
0 0.6074768518518519 0.4893425925925926 0.004805555555555556 0.01723148148148148
0 0.6166990740740741 0.5220185185185185 0.007375 0.022611111111111113
0 0.6286018518518518 0.49175 0.006550925925925926 0.017685185185185186
0 0.6707222222222222 0.48627777777777775 0.004842592592592593 0.01637037037037037
0 0.6569999999999999 0.5088148148148148 0.009296296296296296 0.020277777777777777
0 0.6349074074074075 0.5295925925925926 0.008166666666666668 0.02462962962962963
0 0.6377314814814815 0.5582685185185184 0.008648148148148148 0.03119444444444444
0 0.643425925925926 0.5641203703703703 0.007333333333333333 0.030194444444444444
0 0.6505046296296296 0.5630555555555555 0.007625 0.022814814814814816
0 0.6544166666666666 0.5613333333333334 0.010087962962962962 0.027685185185185184
0 0.6847777777777777 0.5765648148148149 0.01437962962962963 0.0297037037037037
0 0.6992685185185186 0.558675925925926 0.011013888888888889 0.030703703703703702
0 0.7890740740740741 0.5935277777777778 0.018564814814814815 0.03752777777777778
1 0.6499768518518518 0.6710925925925926 0.004912037037037037 0.007203703703703704
1 0.6683148148148148 0.6138796296296296 0.004722222222222222 0.007824074074074074
1 0.6654953703703704 0.7072685185185186 0.005921296296296296 0.009675925925925925
1 0.4996157407407408 0.6946111111111111 0.005171296296296296 0.010527777777777777