0 0.606462962962963 0.48671296296296296 0.008138888888888888 0.020564814814814817
1 0.49891666666666673 0.5834074074074075 0.0037129629629629626 0.007916666666666667
0 0.5162361111111111 0.602212962962963 0.007175925925925926 0.03958333333333333
0 0.47491666666666665 0.4799907407407407 0.0037129629629629626 0.015833333333333335
0 0.4746666666666667 0.49903703703703706 0.005194444444444445 0.020287037037037037
0 0.44225462962962964 0.5091851851851852 0.006185185185185185 0.020787037037037038
0 0.43978240740740737 0.577962962962963 0.01262037037037037 0.03067592592592593
0 0.41553703703703704 0.5688055555555555 0.007175925925925926 0.02425
0 0.25933796296296296 0.5682592592592592 0.010907407407407407 0.02578703703703704
0 0.17102314814814815 0.6067962962962963 0.01525 0.027620370370370368
0 0.24367592592592593 0.5606759259259259 0.012435185185185185 0.024462962962962964
0 0.39875925925925926 0.46751851851851856 0.0033796296296296296 0.007703703703703704
0 0.29671759259259256 0.5040462962962963 0.005513888888888889 0.013425925925925926
0 0.29384722222222226 0.5384444444444444 0.009601851851851851 0.021435185185185186
0 0.2923981481481482 0.5608518518518518 0.009680555555555555 0.023370370370370368
0 0.3327314814814815 0.5335462962962964 0.009300925925925926 0.01997222222222222
0 0.4146342592592593 0.5171111111111111 0.004736111111111111 0.021074074074074075
0 0.3889768518518519 0.511462962962963 0.004078703703703704 0.015148148148148148
0 0.40985185185185186 0.47555555555555556 0.004291666666666667 0.011925925925925927
0 0.3933842592592593 0.4833148148148148 0.003930555555555556 0.012935185185185185
0 0.39116666666666666 0.4993796296296297 0.0034074074074074076 0.01677777777777778
0 0.3745277777777778 0.4896203703703703 0.005671296296296297 0.014388888888888889
0 0.3690925925925926 0.4920555555555555 0.0039259259259259265 0.013657407407407408
0 0.3654675925925926 0.49462037037037043 0.003935185185185185 0.014324074074074074
0 0.343837962962963 0.5043611111111111 0.006462962962962964 0.015935185185185188
0 0.33557870370370374 0.5113425925925926 0.007064814814814815 0.01725925925925926