0 0.47611111111111115 0.5756018518518519 0.011675925925925925 0.035527777777777776
0 0.3397314814814815 0.4950648148148148 0.005208333333333333 0.015620370370370371
0 0.42975 0.4875185185185185 0.005050925925925926 0.01425925925925926
0 0.4398472222222222 0.5007870370370371 0.005245370370370371 0.017425925925925925
0 0.4378194444444445 0.4887129629629629 0.004555555555555556 0.013861111111111112
0 0.46143055555555557 0.4741574074074074 0.0054444444444444445 0.014453703703703703
0 0.4456388888888889 0.47584259259259254 0.004949074074074074 0.013064814814814814
0 0.43756944444444446 0.46890740740740744 0.004060185185185185 0.009509259259259259
0 0.4454444444444444 0.4674259259259259 0.004949074074074074 0.009703703703703704
0 0.4988935185185185 0.48218518518518516 0.0056620370370370375 0.018268518518518517
0 0.504662037037037 0.4755833333333333 0.004416666666666666 0.014601851851851852
0 0.5044398148148148 0.4696388888888889 0.004689814814814815 0.012805555555555556
0 0.5100277777777779 0.4626944444444444 0.003425925925925926 0.008657407407407407
0 0.5245000000000001 0.4727037037037037 0.0055000000000000005 0.014240740740740741
0 0.5283287037037038 0.48523148148148143 0.006310185185185185 0.016231481481481482
0 0.5388333333333334 0.4979444444444444 0.005680555555555555 0.019296296296296298
0 0.5546111111111112 0.4615185185185185 0.003337962962962963 0.011722222222222222
0 0.561375 0.47459259259259257 0.004958333333333334 0.014787037037037038
0 0.5609212962962963 0.4652222222222222 0.0042361111111111115 0.011898148148148147
0 0.6039212962962963 0.48051851851851857 0.00587962962962963 0.015601851851851853
0 0.618375 0.5186759259259259 0.007916666666666667 0.025194444444444446
0 0.6420138888888889 0.479324074074074 0.005759259259259259 0.017037037037037035
0 0.5196296296296297 0.4585648148148148 0.0032407407407407406 0.009537037037037038