1 0.3708148148148148 0.4752592592592592 0.001449074074074074 0.0033796296296296296
0 0.36994444444444446 0.47226851851851853 0.0018703703703703703 0.008888888888888889
0 0.3639722222222222 0.47385185185185186 0.0030925925925925925 0.007749999999999999
0 0.35241666666666666 0.48147222222222225 0.0022685185185185187 0.009092592592592593
0 0.34891666666666665 0.49030555555555555 0.0034074074074074076 0.012861111111111111
0 0.33044444444444443 0.49347222222222226 0.004069444444444444 0.011064814814814814
0 0.31655092592592593 0.4950277777777778 0.0035925925925925925 0.011296296296296296
0 0.308125 0.49545370370370373 0.0027870370370370367 0.008796296296296297
0 0.31121296296296297 0.5051203703703704 0.0037268518518518523 0.01162962962962963
0 0.3013009259259259 0.5060925925925926 0.00399074074074074 0.011870370370370371
0 0.30713888888888885 0.5145555555555555 0.005412037037037036 0.01337037037037037
0 0.294787037037037 0.508638888888889 0.004819444444444445 0.01312962962962963
0 0.2875833333333333 0.5043703703703704 0.004819444444444445 0.016092592592592592
0 0.37483796296296296 0.4853148148148148 0.0030324074074074073 0.012
0 0.39036574074074076 0.47085185185185185 0.003421296296296296 0.009416666666666667
0 0.39406944444444447 0.47529629629629633 0.003541666666666667 0.011398148148148149
0 0.3054861111111111 0.49998148148148147 0.004212962962962963 0.013537037037037037
0 0.4217222222222222 0.4656388888888889 0.0031435185185185186 0.007611111111111112
0 0.43939814814814815 0.46853703703703703 0.002800925925925926 0.012453703703703703
0 0.45213425925925926 0.4679166666666667 0.002162037037037037 0.01025925925925926
0 0.4398472222222222 0.49318518518518517 0.004412037037037036 0.018157407407407407
0 0.4812222222222223 0.48044444444444445 0.004287037037037037 0.014703703703703705
0 0.4853703703703704 0.4776944444444444 0.002990740740740741 0.015712962962962963
0 0.5957824074074074 0.4787777777777778 0.004412037037037036 0.018083333333333333
0 0.5558935185185185 0.598537037037037 0.01439814814814815 0.03635185185185185