0 0.8586481481481482 0.6015185185185185 0.01841203703703704 0.03244444444444444
0 0.6184027777777777 0.5132685185185185 0.0069629629629629625 0.022481481481481484
0 0.638087962962963 0.5011296296296297 0.006462962962962964 0.017842592592592594
0 0.6320694444444445 0.4864722222222222 0.006148148148148148 0.013231481481481481
0 0.6913611111111111 0.4934907407407408 0.005416666666666666 0.015120370370370369
0 0.6319212962962963 0.4818518518518518 0.0052037037037037034 0.01439814814814815
0 0.6362129629629629 0.4822407407407408 0.004587962962962963 0.014953703703703702
0 0.6083611111111111 0.4702962962962963 0.005763888888888889 0.011703703703703704
0 0.6009444444444444 0.47515740740740736 0.006791666666666666 0.012
0 0.5831342592592592 0.46728703703703706 0.0056157407407407415 0.012861111111111111
0 0.5900324074074074 0.4621851851851852 0.0038287037037037035 0.007962962962962963
0 0.5883287037037037 0.4614351851851852 0.003953703703703703 0.009824074074074074
0 0.5856805555555555 0.46344444444444444 0.003944444444444444 0.010416666666666666
0 0.5720787037037037 0.45741666666666664 0.002949074074074074 0.009861111111111112
0 0.5676620370370371 0.4585370370370371 0.003662037037037037 0.009694444444444445
0 0.5454768518518519 0.45567592592592593 0.0032453703703703702 0.009148148148148148
0 0.5510185185185186 0.4716296296296296 0.004 0.015240740740740742
0 0.5305509259259259 0.45942592592592596 0.0037268518518518523 0.013185185185185185
0 0.5174768518518519 0.4575 0.00387037037037037 0.015499999999999998
0 0.4918287037037037 0.47174074074074074 0.003587962962962963 0.01762962962962963
0 0.5925833333333334 0.47860185185185183 0.004736111111111111 0.014064814814814815
0 0.6014907407407407 0.46908333333333335 0.006027777777777778 0.012361111111111111
0 0.4053703703703704 0.4710740740740741 0.0030277777777777777 0.018861111111111113
1 0.9328055555555556 0.6390092592592592 0.012708333333333334 0.010953703703703703
1 0.7746203703703703 0.6953240740740741 0.01075462962962963 0.012518518518518517
1 0.6576064814814815 0.6568148148148149 0.004361111111111111 0.007611111111111112
1 0.4449768518518518 0.6363981481481481 0.0045462962962962965 0.007240740740740741