0 0.8381898148148148 0.584462962962963 0.016342592592592593 0.03671296296296296
0 0.7215648148148148 0.5462592592592593 0.01076851851851852 0.028296296296296295
0 0.683837962962963 0.5036111111111111 0.0068472222222222216 0.01976851851851852
0 0.6667731481481481 0.4837592592592593 0.006379629629629629 0.016166666666666666
0 0.6168657407407407 0.4731944444444445 0.0048009259259259255 0.01462962962962963
0 0.625736111111111 0.5055462962962963 0.006587962962962963 0.016435185185185185
0 0.6232592592592593 0.5048240740740741 0.006430555555555556 0.018907407407407407
0 0.6209814814814815 0.5240370370370371 0.008902777777777779 0.023925925925925927
0 0.5956435185185185 0.4837037037037037 0.004277777777777778 0.017296296296296296
0 0.590449074074074 0.4797685185185185 0.0035046296296296297 0.015268518518518516
0 0.525425925925926 0.4602314814814815 0.0020370370370370373 0.010824074074074073
0 0.5286342592592592 0.4688981481481482 0.0034074074074074076 0.012157407407407408
0 0.5311388888888889 0.4801481481481481 0.0038657407407407408 0.015305555555555557
0 0.5169212962962962 0.4844814814814815 0.0034768518518518516 0.01661111111111111
0 0.5338379629629629 0.5043148148148148 0.0040416666666666665 0.020083333333333335
0 0.5335324074074075 0.5186203703703703 0.006601851851851852 0.02262037037037037
0 0.5093611111111112 0.5336851851851852 0.00649537037037037 0.026222222222222223
0 0.4866666666666667 0.5037407407407407 0.004625 0.021879629629629627
0 0.4719259259259259 0.5060925925925926 0.0037268518518518523 0.021194444444444446
0 0.4754120370370371 0.48877777777777776 0.0037685185185185187 0.01803703703703704
0 0.4683240740740741 0.48707407407407405 0.0038194444444444443 0.01751851851851852
0 0.4848935185185185 0.47207407407407403 0.003138888888888889 0.01399074074074074
0 0.5055462962962963 0.4715740740740741 0.0031759259259259262 0.014361111111111111
0 0.35413425925925923 0.4971944444444445 0.005578703703703704 0.01725925925925926
1 0.7110601851851852 0.55175 0.005222222222222222 0.007722222222222222
1 0.66575 0.7083425925925926 0.007097222222222223 0.011898148148148147
1 0.6495694444444444 0.6713888888888889 0.006472222222222222 0.010648148148148148
1 0.49639814814814814 0.6627777777777777 0.003949074074074074 0.008925925925925926
1 0.33649074074074076 0.6596481481481481 0.005078703703703704 0.009166666666666667
1 0.2506203703703704 0.6359537037037037 0.006416666666666666 0.009166666666666667