0 0.6443425925925926 0.5966018518518519 0.011726851851851851 0.03938888888888889
0 0.5712638888888889 0.5279537037037038 0.008583333333333333 0.02737962962962963
0 0.552212962962963 0.5158703703703703 0.005967592592592593 0.02512962962962963
0 0.5379490740740741 0.500638888888889 0.003967592592592593 0.02025
0 0.5334212962962963 0.4908518518518519 0.004212962962962963 0.017898148148148146
0 0.5280509259259258 0.48114814814814816 0.004171296296296296 0.014685185185185185
0 0.5282268518518519 0.47901851851851857 0.0038379629629629627 0.018250000000000002
0 0.5095601851851852 0.46649074074074076 0.004101851851851851 0.013027777777777779
0 0.4979027777777778 0.46953703703703703 0.0028842592592592596 0.014935185185185185
0 0.49161574074074077 0.4711388888888889 0.003601851851851852 0.013462962962962963
0 0.49316203703703704 0.48315740740740737 0.004013888888888889 0.015555555555555557
0 0.49200925925925926 0.4955555555555556 0.003861111111111111 0.02
0 0.4971435185185185 0.5033240740740741 0.004666666666666667 0.021453703703703704
0 0.5023842592592593 0.5369166666666667 0.0069722222222222225 0.02808333333333333
0 0.462712962962963 0.5118148148148148 0.00487962962962963 0.02173148148148148
0 0.4520555555555556 0.4917129629629629 0.004532407407407407 0.01597222222222222
0 0.43596296296296294 0.48297222222222225 0.004351851851851852 0.015194444444444444
0 0.42871296296296296 0.49828703703703703 0.0050185185185185185 0.021805555555555557
0 0.4217546296296296 0.47909259259259257 0.004842592592592593 0.015796296296296294
0 0.38382407407407404 0.5123333333333334 0.007101851851851851 0.021722222222222223
0 0.4150509259259259 0.5705833333333333 0.009634259259259259 0.032259259259259265
0 0.3593287037037037 0.4950648148148148 0.005712962962962963 0.017453703703703704
0 0.6203009259259259 0.4804351851851852 0.006407407407407408 0.019694444444444445
0 0.48656944444444444 0.46024074074074073 0.004013888888888889 0.014444444444444444
1 0.6497314814814815 0.6711666666666667 0.006324074074074074 0.010037037037037037
1 0.6657916666666667 0.7067962962962964 0.008333333333333333 0.010240740740740741
1 0.4960925925925926 0.6630277777777778 0.004819444444444445 0.009435185185185185
1 0.33693518518518517 0.6591203703703704 0.004717592592592593 0.008435185185185184
1 0.2507083333333333 0.6363333333333333 0.005120370370370371 0.00862962962962963
1 0.42281018518518515 0.4842685185185185 0.0027314814814814814 0.0038148148148148147