0 0.6797083333333334 0.5925277777777778 0.0125 0.03534259259259259
0 0.5833425925925926 0.5102222222222222 0.006333333333333333 0.020805555555555553
0 0.5649259259259259 0.5132314814814815 0.005462962962962963 0.022842592592592595
0 0.5740277777777778 0.4813425925925926 0.00625 0.016537037037037038
0 0.5440972222222222 0.4818611111111111 0.0052361111111111115 0.015333333333333332
0 0.5397546296296296 0.4661203703703704 0.002648148148148148 0.011472222222222222
0 0.5248657407407408 0.46155555555555555 0.003722222222222222 0.010305555555555556
0 0.5137546296296297 0.4628611111111111 0.0030185185185185185 0.010685185185185185
0 0.5081018518518519 0.46369444444444446 0.002541666666666667 0.009851851851851853
0 0.5040787037037037 0.47839814814814813 0.002708333333333333 0.01512962962962963
0 0.5007314814814815 0.4755740740740741 0.004597222222222222 0.013962962962962963
0 0.49572222222222223 0.4664537037037037 0.002541666666666667 0.012138888888888888
0 0.481425925925926 0.4816296296296296 0.003435185185185185 0.01512962962962963
0 0.46677314814814813 0.46428703703703705 0.002023148148148148 0.010407407407407407
0 0.46246296296296296 0.46364814814814814 0.0029074074074074076 0.010287037037037037
0 0.4564675925925926 0.46781481481481485 0.002513888888888889 0.011583333333333333
0 0.44678703703703704 0.47883333333333333 0.003967592592592593 0.015166666666666665
0 0.4374490740740741 0.47148148148148145 0.003634259259259259 0.01225
0 0.43173148148148144 0.48868518518518517 0.004175925925925926 0.01548148148148148
0 0.3408101851851852 0.4949907407407408 0.00550462962962963 0.014472222222222223
0 0.5036574074074075 0.5269722222222222 0.00537037037037037 0.02277777777777778
0 0.5744537037037036 0.4630740740740741 0.003425925925925926 0.011953703703703704
0 0.6431805555555555 0.4769907407407407 0.003731481481481482 0.01599074074074074
0 0.48707870370370365 0.5191666666666667 0.007939814814814814 0.022851851851851852
1 0.6655787037037038 0.7082962962962963 0.007513888888888889 0.015027777777777779
1 0.6499907407407407 0.6718425925925926 0.006958333333333333 0.01225
1 0.49634259259259256 0.6618518518518518 0.005967592592592593 0.00975925925925926
1 0.3364861111111111 0.6598981481481482 0.005199074074074074 0.009805555555555555
1 0.25089814814814815 0.6361203703703704 0.004902777777777778 0.00862037037037037