0 0.5348611111111111 0.599111111111111 0.009254629629629628 0.0435462962962963
0 0.6114120370370371 0.4855092592592593 0.005078703703703704 0.017962962962962962
0 0.49460648148148145 0.47459259259259257 0.003587962962962963 0.01714814814814815
0 0.4853287037037037 0.47175925925925927 0.004157407407407407 0.015527777777777777
0 0.48094907407407406 0.4625185185185185 0.0028472222222222223 0.012425925925925925
0 0.48389351851851853 0.46319444444444446 0.002777777777777778 0.01538888888888889
0 0.4663425925925926 0.4851666666666667 0.003722222222222222 0.019722222222222224
0 0.4577685185185185 0.48853703703703705 0.004087962962962963 0.01999074074074074
0 0.4516898148148148 0.48766666666666664 0.003916666666666667 0.019851851851851853
0 0.46154166666666663 0.4551111111111111 0.004222222222222222 0.01135185185185185
0 0.4350462962962963 0.46414814814814814 0.004055555555555555 0.014870370370370369
0 0.4178611111111111 0.4681944444444444 0.004055555555555555 0.014064814814814815
0 0.3819398148148148 0.46223148148148147 0.004069444444444444 0.016333333333333335
0 0.3425092592592593 0.4643888888888889 0.0035092592592592593 0.013509259259259259
0 0.34849537037037037 0.4786666666666667 0.004921296296296297 0.014416666666666666
0 0.34524074074074074 0.48956481481481484 0.005300925925925926 0.017027777777777777
0 0.35756481481481484 0.5009722222222222 0.005967592592592593 0.019749999999999997
0 0.3806157407407407 0.5240277777777779 0.006717592592592593 0.02661111111111111
0 0.3330277777777778 0.5233240740740741 0.007532407407407407 0.023851851851851853
0 0.27941203703703704 0.5393055555555556 0.011023148148148148 0.027712962962962964
0 0.2579398148148148 0.5103055555555556 0.006449074074074074 0.018787037037037036
0 0.3169074074074074 0.4828240740740741 0.00675 0.014694444444444444
0 0.30577314814814816 0.48 0.005555555555555556 0.016185185185185184
0 0.4197314814814815 0.45165740740740745 0.0032407407407407406 0.011796296296296296
1 0.9322407407407408 0.6388981481481482 0.013337962962962963 0.013212962962962963
1 0.7745509259259259 0.6951666666666666 0.010671296296296297 0.013972222222222223
1 0.3110648148148148 0.4844907407407407 0.0028333333333333335 0.005101851851851851