0 0.3273888888888889 0.4791296296296297 0.00462037037037037 0.014296296296296297
0 0.2759861111111111 0.546574074074074 0.008722222222222221 0.02672222222222222
1 0.2792685185185185 0.6571203703703704 0.00588425925925926 0.008101851851851851
0 0.2569814814814815 0.5523888888888889 0.008930555555555554 0.027333333333333334
1 0.443912037037037 0.6365925925925926 0.0053981481481481484 0.010453703703703703
0 0.35365277777777776 0.5000925925925926 0.005935185185185186 0.01887962962962963
0 0.3708009259259259 0.4753055555555556 0.0051111111111111105 0.008861111111111111
0 0.3690833333333333 0.4852407407407407 0.005481481481481481 0.019685185185185188
0 0.37801851851851853 0.4869444444444444 0.005 0.0185
0 0.3752962962962963 0.4915462962962963 0.005675925925925925 0.017972222222222223
0 0.38812962962962966 0.47082407407407406 0.0039722222222222225 0.014222222222222221
0 0.3945787037037037 0.47044444444444444 0.003763888888888889 0.0165462962962963
0 0.40788425925925925 0.4650925925925926 0.0032407407407407406 0.01400925925925926
0 0.40125462962962966 0.5027037037037037 0.005333333333333333 0.023425925925925926
0 0.42330555555555555 0.4523888888888889 0.0025509259259259257 0.010083333333333333
0 0.43190277777777775 0.4658333333333334 0.004231481481481482 0.014796296296296297
0 0.4495648148148148 0.4654814814814815 0.00375 0.01512962962962963
0 0.45093055555555556 0.47200925925925924 0.0034074074074074076 0.015796296296296294
0 0.45839814814814817 0.4720925925925926 0.0035185185185185185 0.016759259259259262
0 0.44039814814814815 0.4887962962962963 0.006384259259259259 0.019814814814814813
0 0.42400925925925925 0.47333333333333333 0.00412962962962963 0.016166666666666666
0 0.42333796296296294 0.5138148148148147 0.005342592592592592 0.02485185185185185
0 0.47718055555555555 0.4625740740740741 0.0030694444444444445 0.014083333333333335
0 0.4758842592592593 0.49094444444444446 0.0037129629629629626 0.02001851851851852
0 0.4938194444444445 0.5541851851851851 0.008037037037037037 0.03090740740740741
0 0.5520601851851852 0.47800925925925924 0.004162037037037037 0.016657407407407405
0 0.7231805555555555 0.5865833333333333 0.011296296296296296 0.037731481481481484
1 0.44477314814814817 0.6352222222222222 0.006435185185185185 0.015157407407407408