0 0.2989953703703704 0.5035462962962963 0.004527777777777777 0.01677777777777778
0 0.3448981481481482 0.5193981481481482 0.004300925925925926 0.017546296296296296
0 0.3633148148148148 0.5027222222222223 0.004689814814814815 0.015851851851851853
0 0.38625 0.48881481481481476 0.003064814814814815 0.013814814814814814
0 0.40547222222222223 0.47724999999999995 0.0032175925925925926 0.012768518518518518
0 0.4051898148148148 0.5003240740740741 0.003398148148148148 0.016953703703703703
1 0.408287037037037 0.5069814814814815 0.002189814814814815 0.0050648148148148145
0 0.42243981481481485 0.48574074074074075 0.003662037037037037 0.014296296296296297
0 0.43018981481481483 0.49423148148148144 0.005138888888888889 0.015111111111111112
0 0.45263425925925926 0.482712962962963 0.003328703703703704 0.015314814814814814
0 0.48601388888888886 0.4750185185185185 0.003041666666666667 0.012564814814814815
0 0.4769861111111111 0.4872962962962963 0.003074074074074074 0.017361111111111112
0 0.49173611111111115 0.48589814814814813 0.003226851851851852 0.012657407407407407
0 0.48210648148148144 0.5009074074074075 0.006074074074074074 0.01810185185185185
0 0.4746759259259259 0.5104722222222222 0.004606481481481481 0.019287037037037037
0 0.5061435185185185 0.4670092592592593 0.0028425925925925923 0.012203703703703703
0 0.5102592592592593 0.4714351851851852 0.004962962962962963 0.013222222222222222
0 0.5217592592592593 0.4769166666666667 0.0033101851851851855 0.01412962962962963
0 0.5244814814814815 0.46878703703703706 0.0035462962962962965 0.011055555555555555
0 0.5415000000000001 0.47681481481481486 0.0030787037037037037 0.016157407407407405
0 0.5540185185185186 0.4863981481481481 0.0040648148148148145 0.017805555555555557
0 0.5654675925925926 0.48150925925925925 0.004773148148148149 0.015092592592592593
0 0.5736111111111111 0.5172592592592592 0.008194444444444443 0.023203703703703702
0 0.6538333333333333 0.48247222222222225 0.006245370370370371 0.016287037037037037
0 0.6846064814814815 0.5917870370370371 0.013083333333333334 0.03571296296296296