0 0.4559212962962963 0.47024074074074074 0.0030972222222222226 0.013777777777777778
0 0.4742361111111111 0.4873796296296296 0.003041666666666667 0.01898148148148148
0 0.436412037037037 0.47907407407407404 0.002736111111111111 0.013203703703703704
0 0.43376851851851855 0.4817407407407407 0.003361111111111111 0.012148148148148148
0 0.4638611111111111 0.4588425925925926 0.0015 0.010657407407407407
0 0.46680555555555553 0.4603796296296296 0.0024629629629629632 0.007925925925925927
0 0.4253009259259259 0.4852870370370371 0.003898148148148148 0.015287037037037038
0 0.41725 0.48409259259259263 0.0035601851851851853 0.01487962962962963
0 0.4108101851851852 0.4854259259259259 0.002490740740740741 0.01212037037037037
0 0.4121064814814815 0.48868518518518517 0.003777777777777778 0.01237037037037037
0 0.4076435185185185 0.48897222222222225 0.0040416666666666665 0.016277777777777776
0 0.40520833333333334 0.48774999999999996 0.004337962962962963 0.016287037037037037
0 0.5403564814814815 0.4707222222222222 0.0023333333333333335 0.01374074074074074
0 0.5465416666666667 0.4721018518518519 0.0025324074074074073 0.014037037037037037
0 0.5018703703703703 0.45964814814814814 0.0016851851851851852 0.010305555555555556
0 0.5533518518518519 0.4742592592592593 0.002685185185185185 0.016509259259259258
0 0.5512592592592592 0.47943518518518513 0.0031805555555555554 0.017601851851851855
0 0.5580277777777778 0.47578703703703706 0.0028472222222222223 0.015592592592592592
0 0.5596712962962963 0.48005555555555557 0.003490740740740741 0.011101851851851852
0 0.5627638888888888 0.47417592592592595 0.0038194444444444443 0.014342592592592593
0 0.5645370370370371 0.4834166666666667 0.002824074074074074 0.011620370370370371
0 0.571412037037037 0.4807407407407408 0.004074074074074075 0.015583333333333331
0 0.5692407407407407 0.4771944444444444 0.003472222222222222 0.01587037037037037