0 0.5704259259259259 0.6019907407407408 0.014041666666666666 0.041249999999999995
0 0.6100555555555556 0.48190740740740745 0.006629629629629629 0.02082407407407407
0 0.5066388888888889 0.5607777777777778 0.009087962962962963 0.035416666666666666
0 0.5067499999999999 0.5489537037037037 0.009722222222222222 0.028296296296296295
0 0.4972361111111111 0.4963703703703704 0.004495370370370371 0.020833333333333332
0 0.4686203703703704 0.515462962962963 0.005638888888888889 0.02325
0 0.42753240740740744 0.5599074074074074 0.008680555555555556 0.03231481481481481
0 0.36969907407407404 0.5883055555555555 0.010800925925925926 0.0367962962962963
0 0.44895833333333335 0.5002777777777777 0.004148148148148148 0.020925925925925928
0 0.4694814814814815 0.4920740740740741 0.0036064814814814813 0.018583333333333334
0 0.45667129629629627 0.493287037037037 0.003601851851851852 0.018925925925925926
0 0.4559490740740741 0.4871203703703704 0.004458333333333334 0.018574074074074073
0 0.44110648148148146 0.4721296296296296 0.0033194444444444443 0.012574074074074074
0 0.4494212962962963 0.4645462962962963 0.003425925925925926 0.01312037037037037
0 0.38112962962962965 0.487287037037037 0.00487037037037037 0.01601851851851852
0 0.3785277777777778 0.4824629629629629 0.004601851851851852 0.0162962962962963
0 0.3736712962962963 0.4983796296296296 0.005222222222222222 0.017546296296296296
0 0.33025925925925925 0.5147407407407407 0.004361111111111111 0.018444444444444447
0 0.32263425925925926 0.4963703703703704 0.005013888888888889 0.014361111111111111
0 0.2893101851851852 0.5352592592592593 0.008421296296296297 0.021879629629629627
0 0.4807037037037037 0.4642962962962963 0.0031296296296296293 0.01011111111111111
0 0.4914722222222222 0.4668981481481482 0.003662037037037037 0.01262962962962963
0 0.49657407407407406 0.47724999999999995 0.0034953703703703705 0.01475
0 0.5004675925925925 0.47755555555555557 0.003921296296296297 0.016453703703703703
1 0.3344212962962963 0.49828703703703703 0.0025462962962962965 0.004537037037037037
1 0.25068981481481484 0.6357407407407407 0.0047546296296296295 0.008990740740740742
1 0.3366296296296296 0.658611111111111 0.005009259259259259 0.008990740740740742
1 0.4992546296296297 0.6939351851851853 0.005782407407407407 0.011305555555555557
1 0.6496203703703703 0.6708148148148149 0.007449074074074074 0.011814814814814814
1 0.6658703703703703 0.7080648148148149 0.007324074074074074 0.012842592592592591