0 0.5944490740740741 0.6035092592592592 0.008875000000000001 0.037333333333333336
0 0.5816898148148149 0.47586111111111107 0.004143518518518519 0.014425925925925925
0 0.5403888888888889 0.48967592592592596 0.004486111111111111 0.01873148148148148
0 0.5265601851851851 0.4640185185185185 0.0029537037037037036 0.013259259259259259
0 0.498375 0.4778333333333333 0.00387037037037037 0.015925925925925927
0 0.49312500000000004 0.470787037037037 0.0032916666666666667 0.013592592592592592
0 0.4932037037037037 0.4646203703703704 0.002990740740740741 0.014185185185185186
0 0.4712824074074074 0.4553611111111111 0.002759259259259259 0.011805555555555555
0 0.46032870370370366 0.4689814814814815 0.003134259259259259 0.012148148148148148
0 0.4614212962962963 0.4824629629629629 0.003921296296296297 0.01425
0 0.45393518518518516 0.4933333333333333 0.004541666666666667 0.019268518518518518
0 0.46232407407407405 0.5023333333333333 0.004152777777777778 0.01686111111111111
0 0.4630601851851852 0.45841666666666664 0.0027453703703703702 0.011435185185185185
0 0.45961574074074074 0.46364814814814814 0.003564814814814815 0.014472222222222223
0 0.45416666666666666 0.4542592592592593 0.003148148148148148 0.011092592592592593
0 0.4431712962962963 0.4580740740740741 0.0035185185185185185 0.01112037037037037
0 0.4402407407407407 0.4706666666666667 0.0033194444444444443 0.013287037037037036
0 0.4322824074074074 0.4680833333333333 0.004851851851851852 0.014444444444444444
0 0.4265648148148148 0.48013888888888884 0.006319444444444444 0.016453703703703703
0 0.3933287037037037 0.5082407407407408 0.005634259259259259 0.023703703703703706
0 0.3706759259259259 0.5594259259259259 0.009337962962962965 0.03153703703703704
0 0.3336944444444444 0.47909259259259257 0.005587962962962963 0.01525
0 0.48297222222222225 0.5445277777777778 0.006680555555555555 0.030666666666666665
0 0.4696990740740741 0.44966666666666666 0.0024768518518518516 0.01100925925925926
1 0.9321250000000001 0.6397962962962963 0.012291666666666668 0.014101851851851852
1 0.7748425925925926 0.6951203703703703 0.009402777777777777 0.012657407407407407
1 0.4451805555555556 0.636361111111111 0.005606481481481481 0.008675925925925925
1 0.5311111111111111 0.4960185185185186 0.002467592592592593 0.004935185185185186