0 0.8199305555555555 0.5873518518518519 0.014361111111111111 0.034833333333333334
0 0.6901296296296296 0.4865555555555556 0.005902777777777778 0.017083333333333332
0 0.6491574074074075 0.49383333333333335 0.005347222222222223 0.018296296296296297
0 0.6034212962962964 0.5128703703703703 0.006976851851851852 0.02213888888888889
0 0.5951435185185185 0.5038518518518518 0.006115740740740741 0.022537037037037036
0 0.6059444444444444 0.4878796296296296 0.004342592592592593 0.01738888888888889
0 0.5967037037037037 0.4776944444444444 0.003736111111111111 0.015787037037037037
0 0.6093194444444445 0.47700925925925924 0.004180555555555555 0.013861111111111112
0 0.5885138888888889 0.48574074074074075 0.005629629629629629 0.017055555555555556
0 0.582375 0.4678055555555556 0.003416666666666667 0.013999999999999999
0 0.5644814814814815 0.47367592592592594 0.003337962962962963 0.01439814814814815
0 0.5705694444444445 0.508824074074074 0.007300925925925926 0.01962037037037037
0 0.546625 0.46726851851851847 0.003328703703703704 0.012648148148148148
0 0.5426203703703704 0.47799074074074077 0.003425925925925926 0.014388888888888889
0 0.5399444444444444 0.48815740740740743 0.0039953703703703705 0.01589814814814815
0 0.5353796296296297 0.49325 0.00487962962962963 0.01710185185185185
0 0.5331574074074074 0.5213148148148148 0.006231481481481482 0.02187037037037037
0 0.5210277777777778 0.46950000000000003 0.0028194444444444443 0.014777777777777779
0 0.5296157407407408 0.4625740740740741 0.0027824074074074075 0.01136111111111111
0 0.4961157407407407 0.470787037037037 0.002972222222222222 0.01349074074074074
0 0.47560185185185183 0.478287037037037 0.0032638888888888887 0.01575
0 0.4739953703703704 0.5029074074074074 0.004717592592592593 0.020574074074074074
0 0.4851574074074074 0.5071481481481481 0.005388888888888889 0.01825925925925926
0 0.34232407407407406 0.49895370370370373 0.006777777777777778 0.022296296296296293
1 0.6494444444444444 0.6710648148148148 0.005986111111111111 0.009259259259259259
1 0.665537037037037 0.708787037037037 0.0072268518518518515 0.011064814814814814
1 0.4961712962962963 0.6616481481481482 0.005152777777777778 0.010203703703703703
1 0.3365694444444444 0.6591203703703704 0.005462962962962963 0.008657407407407407
1 0.2509722222222222 0.6355092592592593 0.005185185185185185 0.0076851851851851855
1 0.5949537037037037 0.522824074074074 0.003148148148148148 0.005648148148148148