0 0.8688935185185185 0.5851203703703703 0.017375 0.032046296296296295
0 0.6860833333333334 0.4819351851851852 0.005212962962962963 0.016796296296296295
0 0.6538425925925926 0.4818425925925926 0.00637037037037037 0.015833333333333335
0 0.6412453703703703 0.4888888888888889 0.006078703703703704 0.016796296296296295
0 0.6288425925925926 0.5157222222222222 0.007916666666666667 0.020657407407407406
0 0.6368564814814814 0.4786574074074075 0.005986111111111111 0.014861111111111111
0 0.6267037037037038 0.4694351851851852 0.004736111111111111 0.014268518518518519
0 0.6027916666666666 0.46469444444444447 0.0035092592592592593 0.011925925925925927
0 0.5974953703703704 0.4626388888888889 0.004069444444444444 0.011814814814814814
0 0.5944027777777778 0.46402777777777776 0.004013888888888889 0.011259259259259259
0 0.5940694444444444 0.4706666666666667 0.004347222222222223 0.010481481481481482
0 0.5813611111111111 0.4623055555555556 0.0039027777777777776 0.010481481481481482
0 0.5673703703703704 0.46252777777777776 0.004347222222222223 0.011814814814814814
0 0.576287037037037 0.49970370370370365 0.004902777777777778 0.019953703703703703
0 0.5422222222222223 0.4685648148148148 0.0033333333333333335 0.01175925925925926
0 0.538125 0.46921296296296294 0.0036574074074074074 0.012129629629629629
0 0.5339351851851851 0.46046296296296296 0.003425925925925926 0.01037037037037037
0 0.5070833333333333 0.4658796296296296 0.0032407407407407406 0.01175925925925926
0 0.49162037037037043 0.466712962962963 0.002777777777777778 0.011574074074074073
0 0.4891435185185185 0.47032407407407406 0.002638888888888889 0.013796296296296296
0 0.4836342592592593 0.47402777777777777 0.0030092592592592593 0.013055555555555555
0 0.39025462962962965 0.48635185185185187 0.004944444444444444 0.016888888888888887
1 0.6658194444444445 0.7074166666666667 0.006625 0.012416666666666666
1 0.6499861111111112 0.6713055555555556 0.005175925925925926 0.011379629629629628
1 0.4962083333333333 0.6621944444444444 0.004555555555555556 0.008074074074074076
1 0.33658333333333335 0.659712962962963 0.004865740740740741 0.009314814814814816
1 0.2507962962962963 0.6361203703703704 0.005898148148148148 0.009314814814814816