0 0.3644722222222222 0.4903888888888889 0.004023148148148148 0.015435185185185187
0 0.4143888888888889 0.49015740740740743 0.002736111111111111 0.012787037037037038
0 0.44506944444444446 0.47025 0.0026296296296296293 0.010805555555555556
0 0.4493287037037037 0.4838333333333333 0.0034999999999999996 0.012925925925925928
0 0.4766388888888889 0.4688796296296296 0.0029953703703703705 0.011703703703703704
0 0.46825 0.4752314814814815 0.003152777777777778 0.012472222222222223
0 0.46749999999999997 0.49307407407407405 0.0033055555555555555 0.016277777777777776
0 0.47393981481481484 0.5477037037037037 0.005893518518518518 0.027962962962962964
0 0.5016944444444444 0.5141111111111111 0.005310185185185185 0.019185185185185184
0 0.5026574074074074 0.4826388888888889 0.0025925925925925925 0.01399074074074074
0 0.5109675925925926 0.48205555555555557 0.0036944444444444446 0.014388888888888889
0 0.5040462962962963 0.46698148148148144 0.002712962962962963 0.013212962962962963
0 0.5148750000000001 0.46382407407407406 0.0031296296296296293 0.009564814814814814
0 0.5187731481481481 0.4577777777777778 0.0030185185185185185 0.007833333333333335
0 0.5269768518518518 0.4615092592592593 0.002208333333333333 0.008342592592592592
0 0.5232638888888889 0.47308333333333336 0.003662037037037037 0.012407407407407407
0 0.5407685185185185 0.47132407407407406 0.004162037037037037 0.015935185185185188
0 0.5486574074074073 0.4801944444444445 0.003652777777777778 0.014435185185185185
0 0.5473935185185185 0.48210185185185184 0.004106481481481481 0.016287037037037037
0 0.5692175925925926 0.5017037037037038 0.007342592592592592 0.018944444444444444
0 0.5777777777777777 0.5309166666666667 0.008476851851851852 0.02426851851851852
0 0.633638888888889 0.4782592592592592 0.006523148148148148 0.014962962962962963
0 0.6552592592592592 0.5968518518518519 0.013268518518518518 0.037