0 0.5029537037037037 0.5969259259259259 0.007694444444444445 0.03874074074074074
0 0.43975925925925924 0.5840092592592593 0.006592592592592593 0.033796296296296297
0 0.4606388888888889 0.5184814814814815 0.005222222222222222 0.024731481481481483
0 0.4849351851851852 0.48617592592592596 0.0031944444444444446 0.018555555555555554
0 0.4857083333333334 0.4833425925925926 0.004125 0.01824074074074074
0 0.48114814814814816 0.4673611111111111 0.0034537037037037036 0.01474074074074074
0 0.476412037037037 0.4556481481481482 0.0030092592592592593 0.01074074074074074
0 0.4757407407407407 0.45532407407407405 0.0025925925925925925 0.010648148148148148
0 0.4519444444444445 0.4757407407407407 0.003888888888888889 0.01685185185185185
0 0.31798611111111114 0.5515740740740741 0.009583333333333333 0.031296296296296294
0 0.3241851851851852 0.5115185185185186 0.006212962962962963 0.018842592592592595
0 0.3177685185185185 0.4913148148148148 0.005666666666666667 0.015564814814814814
0 0.3168842592592593 0.48735185185185187 0.005666666666666667 0.01801851851851852
0 0.32261574074074073 0.4717222222222222 0.004435185185185185 0.014333333333333333
0 0.34838425925925925 0.47540740740740745 0.00437037037037037 0.014333333333333333
0 0.27797685185185184 0.4889259259259259 0.008393518518518519 0.014611111111111111
0 0.2554166666666667 0.49874999999999997 0.0051898148148148155 0.01651851851851852
0 0.38319444444444445 0.4731574074074074 0.004643518518518518 0.015018518518518518
0 0.3977685185185185 0.48605555555555563 0.005120370370370371 0.01951851851851852
0 0.4186851851851852 0.4783425925925926 0.005458333333333333 0.01611111111111111
0 0.4290277777777778 0.47056481481481477 0.004574074074074074 0.015833333333333335
0 0.41930092592592594 0.46052777777777776 0.0030046296296296297 0.014064814814814815
0 0.41452314814814817 0.4547962962962963 0.003277777777777778 0.012425925925925925
0 0.5847222222222223 0.48073148148148154 0.004981481481481482 0.01651851851851852
1 0.9327592592592593 0.6401944444444444 0.011837962962962963 0.019555555555555555
1 0.775 0.6951574074074074 0.008680555555555556 0.01487962962962963
1 0.4449398148148148 0.63625 0.005583333333333333 0.008685185185185186