0 0.3887222222222222 0.4882222222222222 0.004717592592592593 0.016833333333333332
0 0.49175 0.46296296296296297 0.003064814814814815 0.011259259259259259
0 0.4956111111111111 0.48328703703703707 0.003662037037037037 0.015194444444444444
0 0.5200925925925927 0.46764814814814815 0.003731481481481482 0.011203703703703704
0 0.5208842592592592 0.4744629629629629 0.002351851851851852 0.015592592592592592
0 0.5263842592592592 0.46487962962962964 0.002412037037037037 0.010916666666666667
1 0.5228564814814814 0.46274074074074073 0.000962962962962963 0.0035277777777777777
0 0.5332731481481481 0.45858333333333334 0.002898148148148148 0.010962962962962963
0 0.5362824074074074 0.4583888888888889 0.0026296296296296293 0.010722222222222222
0 0.5515185185185185 0.4691851851851852 0.0030185185185185185 0.013870370370370371
0 0.5418657407407408 0.4638703703703704 0.0023148148148148147 0.010888888888888889
0 0.5572222222222222 0.462287037037037 0.0028796296296296296 0.011546296296296298
0 0.5622453703703704 0.46921296296296294 0.0030509259259259257 0.013064814814814814
0 0.5664398148148148 0.46929629629629627 0.0033935185185185184 0.012805555555555556
0 0.5908009259259259 0.4793703703703704 0.0036203703703703706 0.015499999999999998
0 0.5733333333333334 0.4616296296296296 0.0027962962962962963 0.010240740740740741
0 0.5942175925925925 0.4701296296296296 0.0032175925925925926 0.012333333333333333
0 0.5986990740740741 0.47590740740740745 0.003662037037037037 0.017092592592592593
0 0.6026574074074074 0.4766018518518519 0.0024629629629629632 0.016842592592592593
0 0.6377685185185185 0.5001018518518519 0.006092592592592593 0.017805555555555557
0 0.6344444444444445 0.4929351851851852 0.004287037037037037 0.017092592592592593
0 0.6796481481481481 0.48447222222222225 0.005523148148148148 0.017194444444444446
0 0.658537037037037 0.5286944444444445 0.008824074074074073 0.023490740740740743
0 0.8111666666666666 0.5833518518518518 0.014824074074074076 0.03255555555555555
1 0.33670833333333333 0.6596203703703704 0.004462962962962963 0.009527777777777777
1 0.49837037037037035 0.6942962962962963 0.005476851851851852 0.009666666666666665
1 0.6502685185185185 0.6715092592592593 0.004268518518518519 0.010231481481481482
1 0.6649212962962963 0.7075 0.005379629629629629 0.010435185185185184