0 0.3576712962962963 0.49271296296296296 0.004074074074074075 0.015675925925925926
1 0.5544583333333334 0.47182407407407406 0.0013981481481481481 0.0029814814814814817
0 0.47349537037037037 0.5110555555555556 0.004657407407407408 0.021564814814814814
0 0.47154166666666664 0.4757314814814814 0.004319444444444444 0.016694444444444446
0 0.5187083333333333 0.5665555555555556 0.007287037037037037 0.030972222222222224
0 0.5594629629629629 0.5064074074074074 0.005671296296296297 0.02214814814814815
0 0.5319722222222222 0.48190740740740745 0.00487962962962963 0.016351851851851854
0 0.5544027777777778 0.48264814814814816 0.0034583333333333332 0.01512962962962963
0 0.5208796296296296 0.46725 0.0033333333333333335 0.010185185185185186
0 0.5377222222222222 0.4723333333333333 0.005 0.01262962962962963
0 0.5592685185185186 0.4683703703703703 0.003416666666666667 0.01038888888888889
0 0.5539537037037037 0.46668518518518515 0.0032453703703703702 0.0135
0 0.5566157407407407 0.46667592592592594 0.002736111111111111 0.010324074074074074
0 0.6309861111111111 0.5267777777777778 0.008435185185185184 0.024972222222222222
0 0.6722546296296296 0.4838518518518518 0.006120370370370371 0.015055555555555556
0 0.6488981481481481 0.4926296296296296 0.005634259259259259 0.01775925925925926
0 0.6182916666666667 0.4808518518518519 0.003351851851851852 0.014342592592592593
0 0.6256342592592592 0.4728703703703704 0.004171296296296296 0.012907407407407407
0 0.599962962962963 0.4784537037037037 0.0053287037037037036 0.014824074074074076
0 0.4890555555555555 0.46749999999999997 0.002990740740740741 0.011462962962962963
0 0.4859907407407407 0.4655648148148148 0.0028101851851851855 0.01112037037037037
0 0.48593518518518514 0.48418518518518516 0.004462962962962963 0.01363888888888889
0 0.8134398148148148 0.5853055555555555 0.013458333333333334 0.030935185185185184
1 0.6657222222222222 0.7093981481481482 0.006574074074074073 0.015027777777777779
1 0.6500185185185186 0.6713148148148148 0.006268518518518518 0.009962962962962963
1 0.49910648148148146 0.6939722222222222 0.0046620370370370375 0.012861111111111111
1 0.3368611111111111 0.6591018518518519 0.005143518518518519 0.008675925925925925
1 0.25039814814814815 0.6362777777777777 0.004819444444444445 0.008675925925925925
1 0.06275925925925926 0.6531574074074074 0.006268518518518518 0.010287037037037037