0 0.5192916666666667 0.5982037037037037 0.012148148148148148 0.04073148148148149
0 0.592412037037037 0.47954629629629625 0.006541666666666667 0.017444444444444443
0 0.516087962962963 0.4728981481481482 0.005199074074074074 0.013675925925925925
0 0.49970370370370365 0.4885648148148148 0.006703703703703704 0.014305555555555556
0 0.5008703703703704 0.48521296296296296 0.0069629629629629625 0.017722222222222223
0 0.49425462962962957 0.45810185185185187 0.0034629629629629633 0.013564814814814816
0 0.49706481481481485 0.45687037037037037 0.0030324074074074073 0.013435185185185185
0 0.4663611111111111 0.4680462962962963 0.004245370370370371 0.01425925925925926
0 0.46281944444444445 0.46712037037037035 0.0031898148148148146 0.016287037037037037
0 0.445125 0.4756574074074074 0.0034027777777777776 0.01624074074074074
0 0.4565046296296296 0.4979907407407408 0.006194444444444445 0.019925925925925927
0 0.4270925925925926 0.49745370370370373 0.005736111111111111 0.018064814814814815
0 0.38292592592592595 0.5125925925925926 0.005740740740740741 0.024435185185185185
0 0.3862592592592593 0.48135185185185186 0.0047546296296296295 0.016
0 0.36810185185185185 0.4827962962962963 0.004712962962962963 0.015777777777777776
0 0.40369907407407407 0.4626574074074074 0.004902777777777778 0.013185185185185185
0 0.371875 0.46194444444444444 0.003171296296296296 0.012342592592592593
0 0.35889351851851853 0.4733981481481481 0.004013888888888889 0.013277777777777777
0 0.3342916666666667 0.4731388888888889 0.005277777777777778 0.014925925925925928
0 0.3300138888888889 0.49334259259259255 0.005986111111111111 0.01862962962962963
0 0.31122685185185184 0.49525925925925923 0.006726851851851852 0.016898148148148148
0 0.2842962962962963 0.4886759259259259 0.006606481481481481 0.01677777777777778
0 0.2819305555555556 0.5382407407407407 0.010773148148148148 0.02447222222222222
0 0.444625 0.45114814814814813 0.0032916666666666667 0.011620370370370371
1 0.9323981481481481 0.6394351851851852 0.01211111111111111 0.014101851851851852
1 0.7751157407407407 0.6958425925925926 0.009944444444444445 0.012657407407407407
1 0.6583287037037037 0.6571203703703704 0.004148148148148148 0.008490740740740741
1 0.4449212962962963 0.636175925925926 0.004148148148148148 0.008685185185185186