0 0.33628703703703705 0.5019166666666667 0.005597222222222222 0.016731481481481483
0 0.350962962962963 0.543962962962963 0.006041666666666667 0.024037037037037037
0 0.41394444444444445 0.48712962962962963 0.0037731481481481483 0.014759259259259258
0 0.46285185185185185 0.4699351851851852 0.003449074074074074 0.012703703703703705
0 0.4507037037037037 0.4994537037037037 0.004773148148148149 0.019416666666666665
0 0.47221296296296295 0.5245740740740741 0.005273148148148148 0.022046296296296296
0 0.4920277777777778 0.5828055555555555 0.009282407407407408 0.03492592592592592
0 0.4995231481481482 0.5481018518518519 0.005888888888888889 0.030481481481481484
0 0.5069722222222222 0.4857222222222223 0.0031944444444444446 0.01739814814814815
0 0.5051944444444445 0.4695648148148148 0.002726851851851852 0.012333333333333333
0 0.5280092592592592 0.4800370370370371 0.003652777777777778 0.015462962962962963
0 0.5346203703703704 0.48736111111111113 0.004569444444444444 0.016398148148148148
0 0.5321527777777778 0.5349259259259259 0.008486111111111111 0.026027777777777778
0 0.5405046296296296 0.4683425925925926 0.0028425925925925923 0.012074074074074074
0 0.5582731481481481 0.4719814814814815 0.005300925925925926 0.01425925925925926
0 0.5652962962962963 0.5667037037037037 0.0073518518518518525 0.030342592592592595
1 0.5766759259259259 0.5453888888888889 0.003212962962962963 0.006601851851851852
0 0.6146944444444444 0.5574351851851852 0.012203703703703703 0.02451851851851852
0 0.6187824074074074 0.5538055555555556 0.011064814814814814 0.02599074074074074
0 0.6162083333333334 0.5237870370370371 0.007310185185185185 0.019018518518518518
0 0.6175370370370371 0.514824074074074 0.010287037037037037 0.017435185185185182
0 0.5868148148148148 0.49444444444444446 0.007768518518518519 0.01412962962962963
0 0.5855046296296297 0.48920370370370375 0.009106481481481483 0.015620370370370371
0 0.667537037037037 0.48562962962962963 0.006782407407407408 0.01574074074074074
0 0.7467314814814815 0.5939444444444445 0.013148148148148147 0.033296296296296296