1 0.6675277777777777 0.5203055555555555 0.002287037037037037 0.006722222222222222
0 0.6690601851851852 0.5117037037037037 0.007824074074074074 0.0225
0 0.6401481481481481 0.4852962962962963 0.008129629629629629 0.017499999999999998
0 0.5682638888888889 0.5062037037037037 0.00699537037037037 0.019740740740740743
0 0.5710092592592593 0.48305555555555557 0.005888888888888889 0.016305555555555556
0 0.567212962962963 0.4654814814814815 0.004481481481481481 0.013064814814814814
0 0.5221712962962963 0.516537037037037 0.007148148148148148 0.021435185185185186
0 0.5435648148148148 0.5965092592592592 0.010361111111111111 0.036287037037037034
0 0.48356944444444444 0.49666666666666665 0.006208333333333333 0.020453703703703703
0 0.4926666666666667 0.4733611111111111 0.003375 0.01589814814814815
0 0.46927314814814813 0.48609259259259263 0.0052361111111111115 0.01661111111111111
0 0.5044907407407407 0.4591111111111111 0.002708333333333333 0.012944444444444444
0 0.3595277777777778 0.49402777777777773 0.004759259259259259 0.01662037037037037
0 0.4780185185185185 0.4735 0.0035462962962962965 0.014870370370370369
0 0.4627546296296296 0.48321296296296296 0.0034444444444444444 0.015657407407407408
0 0.467337962962963 0.49995370370370373 0.004319444444444444 0.018564814814814815
0 0.47844444444444445 0.5400462962962963 0.004893518518518518 0.026296296296296293
0 0.5066574074074075 0.4638333333333333 0.003680555555555556 0.011805555555555555
0 0.5547731481481482 0.48187037037037034 0.0035092592592592593 0.017879629629629627
0 0.5435972222222223 0.5004351851851853 0.0073981481481481485 0.017222222222222222
0 0.5765740740740741 0.47675 0.003912037037037037 0.01590740740740741
0 0.5612268518518518 0.5195555555555555 0.005865740740740741 0.02358333333333333
0 0.6187916666666666 0.4990833333333333 0.007666666666666666 0.017953703703703704
0 0.7047453703703703 0.5938611111111111 0.016453703703703703 0.03581481481481481
0 0.4959907407407407 0.48814814814814816 0.004907407407407407 0.017185185185185185