0 0.29785185185185187 0.5036574074074075 0.006217592592592592 0.017194444444444446
0 0.26631944444444444 0.5333796296296296 0.005902777777777778 0.016916666666666667
0 0.31749537037037034 0.5037962962962963 0.0047777777777777775 0.016277777777777776
0 0.3199212962962963 0.5115462962962963 0.004245370370370371 0.01588888888888889
0 0.3633101851851852 0.4818796296296296 0.004097222222222222 0.01287037037037037
0 0.36097222222222225 0.49020370370370364 0.004194444444444445 0.010907407407407407
0 0.36944907407407407 0.496962962962963 0.00400462962962963 0.01587962962962963
0 0.3755787037037037 0.5019907407407407 0.003944444444444444 0.015694444444444445
0 0.39025462962962965 0.49848148148148147 0.004287037037037037 0.015296296296296296
0 0.395625 0.467 0.002472222222222222 0.009055555555555555
0 0.42443055555555553 0.47550925925925924 0.0026527777777777778 0.014611111111111111
0 0.42109722222222223 0.4826388888888889 0.004134259259259259 0.012583333333333334
0 0.40998148148148145 0.5356481481481481 0.0057314814814814815 0.02325925925925926
1 0.4217546296296296 0.4871018518518519 0.002703703703703704 0.00625
0 0.43524537037037037 0.4850925925925926 0.004069444444444444 0.016277777777777776
0 0.43716203703703704 0.5020925925925925 0.004166666666666667 0.017296296296296296
0 0.4333564814814815 0.5287314814814814 0.0060185185185185185 0.02089814814814815
0 0.4653287037037037 0.46375 0.0026944444444444446 0.00798148148148148
0 0.45218981481481485 0.48217592592592595 0.0032685185185185183 0.013462962962962963
0 0.46991203703703704 0.47177777777777774 0.0035277777777777777 0.010962962962962963
0 0.459162037037037 0.49706481481481485 0.004814814814814815 0.016685185185185185
0 0.4804537037037037 0.4661018518518518 0.0021666666666666666 0.011481481481481481
0 0.48641203703703706 0.4731296296296296 0.0028055555555555555 0.010657407407407407
0 0.6047777777777777 0.4791203703703704 0.004699074074074074 0.016407407407407405
0 0.5303888888888889 0.6011388888888889 0.00837037037037037 0.03961111111111111