0 0.3442453703703704 0.49883333333333335 0.004856481481481482 0.015842592592592592
0 0.4430462962962963 0.5059722222222223 0.004564814814814815 0.019749999999999997
0 0.465337962962963 0.48340740740740745 0.003087962962962963 0.014972222222222224
0 0.4853564814814814 0.47229629629629627 0.0025046296296296297 0.013453703703703704
0 0.47977314814814814 0.4904814814814815 0.0027916666666666667 0.019833333333333335
0 0.49087037037037035 0.510787037037037 0.004810185185185186 0.020120370370370372
0 0.48696296296296293 0.5398240740740741 0.005722222222222222 0.026944444444444444
0 0.5059768518518519 0.48207407407407404 0.002861111111111111 0.01611111111111111
0 0.5165138888888889 0.4900462962962963 0.0029444444444444444 0.01898148148148148
0 0.523412037037037 0.5024537037037037 0.00474537037037037 0.02199074074074074
0 0.5319490740740741 0.5178333333333334 0.005981481481481482 0.02138888888888889
0 0.543712962962963 0.4868703703703704 0.004462962962962963 0.017527777777777778
0 0.5544305555555555 0.47208333333333335 0.003 0.013027777777777779
0 0.5573194444444444 0.469712962962963 0.0034861111111111113 0.012972222222222222
0 0.5645185185185184 0.5038888888888889 0.004916666666666666 0.021592592592592594
0 0.5560925925925926 0.5242777777777778 0.006217592592592592 0.022564814814814815
0 0.5518240740740741 0.5371111111111111 0.00599537037037037 0.025361111111111112
0 0.5911620370370371 0.5024629629629629 0.006125 0.02036111111111111
0 0.6128611111111111 0.5018981481481481 0.004912037037037037 0.019777777777777776
0 0.6301111111111111 0.5218055555555555 0.008097222222222221 0.02089814814814815
0 0.5819305555555556 0.48884259259259266 0.003763888888888889 0.016564814814814817
0 0.5842731481481481 0.4787222222222222 0.003824074074074074 0.014583333333333334
1 0.5824444444444444 0.5094351851851853 0.0023333333333333335 0.00487962962962963
0 0.6879166666666667 0.48608333333333337 0.006666666666666667 0.0165
0 0.7630185185185184 0.5900185185185185 0.01774074074074074 0.03266666666666667