0 0.8736944444444444 0.5828148148148149 0.01875925925925926 0.028537037037037038
0 0.7661018518518519 0.543712962962963 0.013342592592592593 0.02588888888888889
0 0.6694953703703703 0.5027314814814815 0.007555555555555556 0.017314814814814814
0 0.6491018518518519 0.4997962962962963 0.006967592592592593 0.020537037037037038
0 0.6665601851851852 0.4879166666666667 0.006967592592592593 0.017314814814814814
0 0.6932592592592592 0.4847685185185185 0.006527777777777777 0.015407407407407408
0 0.6457268518518519 0.4790462962962963 0.006087962962962963 0.015407407407407408
0 0.6303240740740741 0.48652777777777784 0.005648148148148148 0.015694444444444445
0 0.636337962962963 0.4791203703703704 0.005648148148148148 0.013203703703703704
0 0.6266203703703703 0.47405555555555556 0.005722222222222222 0.012472222222222223
0 0.6081805555555556 0.4825648148148148 0.006050925925925926 0.015435185185185187
0 0.6022731481481481 0.47064814814814815 0.006814814814814815 0.012962962962962963
0 0.5990092592592592 0.46955555555555556 0.005430555555555556 0.011148148148148147
0 0.5913611111111111 0.49551851851851847 0.006907407407407407 0.017916666666666668
0 0.5823796296296296 0.47950925925925925 0.004861111111111111 0.015055555555555556
0 0.5691342592592592 0.4704537037037037 0.004097222222222222 0.013148148148148147
0 0.5439999999999999 0.4619259259259259 0.0029074074074074076 0.011148148148148147
0 0.5381157407407408 0.4733611111111111 0.004574074074074074 0.013435185185185185
0 0.5418564814814815 0.4743148148148148 0.004050925925925926 0.012481481481481482
0 0.5166898148148148 0.4710648148148148 0.003564814814814815 0.01361111111111111
0 0.49011574074074077 0.480787037037037 0.0038425925925925928 0.014537037037037036
0 0.4910416666666667 0.47560185185185183 0.0031944444444444446 0.016203703703703703
0 0.479837962962963 0.4912037037037037 0.004212962962962963 0.012037037037037037
0 0.3786388888888889 0.4913518518518518 0.0047083333333333335 0.016953703703703703
1 0.6499398148148148 0.6717222222222222 0.005990740740740741 0.010805555555555556
1 0.6657361111111111 0.7078981481481481 0.007282407407407408 0.010333333333333333
1 0.4962777777777778 0.6622129629629631 0.005402777777777778 0.011037037037037036
1 0.3364490740740741 0.659037037037037 0.005638888888888889 0.008925925925925926
1 0.25060648148148146 0.6352037037037037 0.005402777777777778 0.008222222222222223