0 0.8521435185185186 0.577787037037037 0.018564814814814815 0.026824074074074073
0 0.6513935185185186 0.48988888888888893 0.005319444444444444 0.01675
0 0.6373101851851851 0.48262037037037037 0.005060185185185185 0.014712962962962964
0 0.637 0.4804907407407407 0.004435185185185185 0.015444444444444445
0 0.6192222222222222 0.47169444444444447 0.004689814814814815 0.013462962962962963
0 0.6342777777777777 0.5067314814814815 0.007375 0.02013888888888889
0 0.6186388888888888 0.4991296296296296 0.005861111111111111 0.017425925925925925
0 0.6055972222222222 0.4813240740740741 0.005703703703703704 0.015240740740740742
0 0.5962824074074075 0.4611296296296296 0.003412037037037037 0.01200925925925926
0 0.5842175925925926 0.4721111111111111 0.004583333333333333 0.013675925925925925
0 0.5787407407407407 0.4613611111111111 0.003203703703703704 0.011222222222222222
0 0.573287037037037 0.45966666666666667 0.003805555555555556 0.009407407407407408
0 0.5583564814814814 0.46653703703703703 0.004143518518518519 0.012537037037037036
0 0.5588796296296297 0.46399074074074076 0.0031018518518518517 0.013055555555555555
0 0.5667777777777778 0.5157314814814815 0.007296296296296296 0.024712962962962964
0 0.5134120370370371 0.47587962962962965 0.0037685185185185187 0.015759259259259258
0 0.5233101851851851 0.47230555555555553 0.003439814814814815 0.01374074074074074
0 0.4906111111111111 0.4699351851851852 0.003388888888888889 0.014055555555555556
0 0.48143981481481485 0.48245370370370366 0.003162037037037037 0.015944444444444445
0 0.47835648148148147 0.49050925925925926 0.0035092592592592593 0.01649074074074074
0 0.3651898148148148 0.4924351851851852 0.0034953703703703705 0.015537037037037038
0 0.6874166666666667 0.48474999999999996 0.005212962962962963 0.01672222222222222
0 0.5248055555555555 0.46544444444444444 0.0031944444444444446 0.013583333333333333
0 0.5785416666666667 0.46146296296296296 0.003208333333333333 0.011379629629629628
1 0.6496712962962963 0.6706944444444445 0.006842592592592592 0.011731481481481482
1 0.6655092592592593 0.708037037037037 0.0072361111111111116 0.012907407407407407
1 0.49618981481481483 0.6615 0.005208333333333333 0.011175925925925926
1 0.3365092592592593 0.6589074074074074 0.004865740740740741 0.00924074074074074
1 0.2504768518518518 0.6363148148148149 0.005898148148148148 0.008
1 0.06190277777777778 0.6527962962962963 0.005787037037037037 0.008787037037037038