0 0.8859490740740741 0.58225 0.019462962962962963 0.02360185185185185
0 0.6000833333333334 0.49789814814814815 0.007384259259259259 0.018231481481481484
0 0.7003935185185185 0.5287222222222222 0.010736111111111111 0.02412962962962963
0 0.5661759259259259 0.49244444444444446 0.004666666666666667 0.01952777777777778
0 0.5729675925925926 0.4797962962962963 0.004921296296296297 0.015814814814814813
0 0.7020601851851852 0.5111481481481481 0.007324074074074074 0.018250000000000002
0 0.6839351851851851 0.49480555555555555 0.006712962962962963 0.016648148148148148
0 0.6863611111111111 0.484537037037037 0.0037685185185185187 0.016481481481481482
0 0.6622268518518519 0.4895462962962963 0.005814814814814815 0.01713888888888889
0 0.6571990740740741 0.48226851851851854 0.006041666666666667 0.015685185185185187
0 0.6320925925925925 0.4858055555555555 0.004685185185185185 0.01651851851851852
0 0.6326666666666666 0.4824814814814815 0.004564814814814815 0.015268518518518516
0 0.6264212962962963 0.4760648148148148 0.004046296296296296 0.013259259259259259
0 0.6276527777777778 0.4728425925925926 0.005342592592592592 0.01262962962962963
0 0.6201157407407407 0.47126851851851853 0.004532407407407407 0.010935185185185185
0 0.618875 0.48344444444444445 0.0061111111111111106 0.01721296296296296
0 0.6078749999999999 0.46546296296296297 0.003648148148148148 0.010972222222222222
0 0.5807777777777778 0.46392592592592596 0.0038194444444444443 0.01162962962962963
0 0.5815694444444445 0.4826018518518519 0.0040416666666666665 0.01737962962962963
0 0.5266481481481481 0.4958888888888888 0.004333333333333333 0.018601851851851852
0 0.5023009259259259 0.4849166666666667 0.003638888888888889 0.016351851851851854
0 0.5012037037037037 0.4827592592592593 0.003949074074074074 0.016712962962962964
0 0.3822361111111111 0.49129629629629634 0.00475 0.01660185185185185
1 0.6660231481481481 0.7079259259259258 0.007416666666666667 0.01400925925925926
1 0.6500185185185186 0.6716574074074074 0.006458333333333333 0.01400925925925926
1 0.4961527777777778 0.6613518518518519 0.005083333333333334 0.010444444444444444
1 0.33699537037037036 0.6587407407407407 0.005222222222222222 0.007972222222222223
1 0.2505833333333333 0.6356666666666666 0.00549537037037037 0.009064814814814814