0 0.5844490740740741 0.5995462962962963 0.012847222222222222 0.040462962962962964
0 0.6131898148148148 0.48072222222222216 0.006101851851851851 0.01990740740740741
0 0.5189398148148149 0.5738518518518518 0.010916666666666667 0.03788888888888889
0 0.5182962962962963 0.5080185185185185 0.007064814814814815 0.029546296296296296
0 0.5087222222222222 0.48821296296296296 0.004388888888888889 0.017777777777777778
0 0.5146157407407407 0.48114814814814816 0.00375 0.016916666666666667
0 0.5056712962962963 0.4760092592592593 0.003212962962962963 0.01563888888888889
0 0.5086157407407407 0.46797222222222223 0.005032407407407407 0.012851851851851852
0 0.5022962962962964 0.4648703703703704 0.004175925925925926 0.012203703703703703
0 0.4950185185185185 0.4768611111111111 0.00375 0.016916666666666667
0 0.4900879629629629 0.488962962962963 0.004819444444444445 0.018416666666666668
0 0.4923935185185185 0.46797222222222223 0.0027824074074074075 0.014564814814814815
0 0.46620833333333334 0.47943518518518513 0.00375 0.01735185185185185
0 0.4643333333333334 0.4958240740740741 0.0038564814814814816 0.01927777777777778
0 0.49422685185185183 0.45849074074074075 0.002138888888888889 0.009416666666666667
0 0.4190601851851852 0.5295555555555556 0.007509259259259259 0.02387037037037037
0 0.3806435185185185 0.5319722222222222 0.007375 0.02225925925925926
0 0.41932870370370373 0.48758333333333337 0.00536574074074074 0.016092592592592592
0 0.4129583333333333 0.4820833333333333 0.003351851851851852 0.012601851851851852
0 0.4036388888888889 0.4751111111111111 0.0032175925925925926 0.01313888888888889
0 0.3637453703703704 0.500462962962963 0.004425925925925926 0.016092592592592592
0 0.35194444444444445 0.4956296296296296 0.004694444444444445 0.019314814814814816
0 0.3246527777777778 0.5181574074074075 0.005634259259259259 0.01824074074074074