0 0.49406481481481485 0.4646388888888889 0.0024166666666666664 0.012296296296296296
0 0.3674444444444444 0.4946296296296297 0.005277777777777778 0.018898148148148147
0 0.49919444444444444 0.46416666666666667 0.0031666666666666666 0.013685185185185184
0 0.4992962962962963 0.47275 0.004310185185185185 0.010861111111111111
0 0.49804166666666666 0.4938055555555555 0.0038564814814814816 0.015574074074074074
0 0.5342777777777777 0.4577314814814815 0.002916666666666667 0.010842592592592593
0 0.5116064814814815 0.46980555555555553 0.0035509259259259257 0.013962962962962963
0 0.5424953703703703 0.46698148148148144 0.003337962962962963 0.014324074074074074
0 0.540662037037037 0.48202777777777783 0.0029953703703703705 0.016657407407407405
0 0.5296527777777778 0.49690740740740735 0.0053287037037037036 0.02011111111111111
0 0.5247407407407407 0.5222037037037037 0.005032407407407407 0.023648148148148147
0 0.566412037037037 0.47990740740740734 0.003958333333333334 0.014805555555555556
0 0.5787453703703703 0.4728333333333334 0.003597222222222222 0.01500925925925926
0 0.5899120370370371 0.4732222222222222 0.0042361111111111115 0.01412962962962963
0 0.6092268518518519 0.46381481481481485 0.003662037037037037 0.011648148148148149
0 0.6042453703703704 0.5008425925925926 0.006546296296296297 0.019296296296296298
0 0.5831759259259259 0.49296296296296294 0.0054444444444444445 0.018222222222222223
0 0.6323981481481482 0.4741203703703703 0.004453703703703704 0.012574074074074074
0 0.664675925925926 0.48502777777777784 0.0059398148148148144 0.013379629629629628
0 0.6666388888888889 0.4794907407407408 0.007652777777777778 0.010981481481481481
0 0.7025046296296297 0.501787037037037 0.005351851851851852 0.017194444444444446
0 0.6921064814814815 0.5581296296296296 0.012773148148148148 0.028435185185185185
0 0.7761527777777778 0.5897037037037037 0.013699074074074074 0.03350925925925926
0 0.5788101851851852 0.5718055555555556 0.009050925925925926 0.03575