0 0.5488194444444444 0.6005370370370371 0.009180555555555555 0.03936111111111111
0 0.42538425925925927 0.5903240740740741 0.01589814814814815 0.04175
0 0.3788935185185185 0.5398148148148149 0.006606481481481481 0.02358333333333333
0 0.4854444444444444 0.5225833333333333 0.005513888888888889 0.024907407407407406
0 0.47654166666666664 0.5131111111111111 0.004388888888888889 0.021824074074074076
0 0.45058796296296294 0.48617592592592596 0.0044907407407407405 0.01637037037037037
0 0.49010648148148156 0.4833796296296296 0.0027500000000000003 0.014240740740740741
0 0.47728240740740746 0.48021296296296295 0.004120370370370371 0.014240740740740741
0 0.4935231481481481 0.47491666666666665 0.003435185185185185 0.015018518518518518
0 0.4815 0.46764814814814815 0.0025046296296296297 0.011712962962962963
0 0.47018055555555555 0.4675740740740741 0.0027407407407407406 0.012490740740740741
0 0.45237499999999997 0.4665462962962963 0.0029629629629629632 0.012064814814814815
0 0.45372685185185185 0.46229629629629626 0.0025370370370370373 0.009805555555555555
0 0.4250416666666667 0.47981481481481486 0.002925925925925926 0.013453703703703704
0 0.4278611111111111 0.4781944444444445 0.0030972222222222226 0.012240740740740741
0 0.4020972222222222 0.49786111111111114 0.004106481481481481 0.01687962962962963
0 0.3944722222222222 0.4978333333333333 0.004143518518518519 0.016388888888888887
0 0.3779166666666666 0.47649074074074077 0.003388888888888889 0.010592592592592593
0 0.36483333333333334 0.49166666666666664 0.004148148148148148 0.013527777777777777
0 0.35385185185185186 0.5019351851851852 0.004675925925925925 0.016083333333333335
0 0.33336574074074077 0.4962037037037037 0.004180555555555555 0.014046296296296296
0 0.30942129629629633 0.504074074074074 0.004865740740740741 0.01450925925925926
0 0.27193518518518517 0.5458518518518518 0.007856481481481482 0.02178703703703704
0 0.6054537037037037 0.481212962962963 0.004675925925925925 0.016157407407407405
1 0.6655787037037038 0.7078796296296296 0.007143518518518519 0.012407407407407407
1 0.6501574074074074 0.6715925925925926 0.007143518518518519 0.012037037037037037
1 0.4960972222222222 0.6624444444444445 0.004638888888888889 0.008796296296296297
1 0.33696296296296296 0.6593888888888889 0.004638888888888889 0.008064814814814816
1 0.25067592592592597 0.6361851851851852 0.004763888888888889 0.008546296296296297
1 0.3081944444444445 0.5111574074074073 0.0024074074074074076 0.003796296296296296