0 0.6918472222222223 0.49130555555555555 0.005046296296296339 0.011518518518518569
0 0.7149120370370371 0.5161481481481482 0.005898148148148047 0.014240740740740842
0 0.6847638888888888 0.4992222222222222 0.009138888888888788 0.016527777777777693
0 0.9143657407407407 0.6053611111111111 0.016629629629629664 0.027981481481481506
0 0.6612546296296296 0.48656481481481484 0.004138888888888914 0.012092592592592542
0 0.6577037037037038 0.48459259259259263 0.005203703703703603 0.01271296296296298
0 0.6469537037037038 0.48991666666666667 0.007472222222222163 0.015749999999999993
0 0.6436018518518519 0.4770370370370371 0.0059583333333332825 0.011898148148148116
0 0.6392083333333334 0.4812222222222223 0.005194444444444351 0.012361111111111028
0 0.6317314814814815 0.47839814814814813 0.004425925925925901 0.01279629629629629
0 0.6296898148148149 0.4705462962962963 0.003967592592592668 0.011703703703703692
0 0.6232777777777778 0.46844444444444444 0.0032175925925925085 0.011157407407407366
0 0.6186203703703704 0.4675740740740741 0.00420370370370367 0.010638888888888897
0 0.6118981481481481 0.46624074074074073 0.004004629629629671 0.011935185185185172
0 0.6199351851851852 0.48884259259259266 0.007476851851851894 0.016333333333333425
0 0.5811342592592592 0.47559259259259257 0.004879629629629613 0.01418518518518518
0 0.5914722222222222 0.4806574074074074 0.00474074074074064 0.015194444444444467
0 0.5709861111111111 0.4620092592592593 0.0026342592592592845 0.009555555555555602
0 0.558587962962963 0.47002777777777777 0.0036805555555554713 0.014314814814814848
0 0.5364537037037037 0.4638981481481481 0.0033564814814814816 0.011499999999999962
0 0.5333055555555556 0.4639537037037037 0.002976851851851776 0.013750000000000021
0 0.41255092592592596 0.4726388888888889 0.00436574074074077 0.016731481481481528
0 0.4948333333333333 0.47215740740740747 0.0031666666666667342 0.01807407407407411