0 0.27893055555555557 0.4884814814814814 0.005268518518518569 0.016898148148148148
0 0.2913564814814815 0.5044814814814815 0.006671296296296334 0.017925925925925835
0 0.3339444444444445 0.4730555555555555 0.004689814814814865 0.015250000000000026
0 0.3354861111111111 0.48501851851851857 0.004615740740740754 0.01746296296296287
0 0.29398148148148145 0.4986944444444445 0.005287037037037071 0.016092592592592693
0 0.3463425925925926 0.47307407407407415 0.005157407407407453 0.015287037037037082
0 0.34337962962962965 0.48221296296296295 0.0051990740740740825 0.015111111111111053
0 0.362 0.4968055555555555 0.004171296296296292 0.017611111111111095
0 0.38739814814814816 0.5036481481481482 0.005203703703703708 0.019138888888888955
0 0.3681111111111111 0.4726574074074074 0.004402777777777774 0.013870370370370387
0 0.37701851851851853 0.4812685185185185 0.005166666666666705 0.015231481481481523
0 0.3875138888888889 0.47074074074074074 0.003115740740740749 0.011398148148148098
0 0.3994537037037037 0.4631851851851852 0.0025972222222221757 0.011574074074074073
0 0.38749537037037035 0.45966666666666667 0.00323148148148149 0.010351851851851805
0 0.4210833333333333 0.45716666666666667 0.003990740740740691 0.01006481481481482
0 0.4323240740740741 0.46514814814814814 0.002555555555555547 0.013111111111111082
0 0.4660324074074074 0.4613888888888889 0.0032407407407407406 0.008750000000000042
0 0.4698703703703703 0.46278703703703705 0.003083333333333371 0.011120370370370362
0 0.4822592592592593 0.47069444444444447 0.003912037037036953 0.01509259259259255
0 0.4893842592592592 0.4732314814814815 0.0040277777777776936 0.016342592592592572
0 0.5186620370370371 0.5975648148148148 0.009069444444444512 0.037101851851851796
0 0.5883194444444444 0.47583333333333333 0.005078703703703611 0.014083333333333368
1 0.444412037037037 0.6371203703703704 0.004703703703703742 0.008472222222222306