0 0.5029537037037037 0.5969259259259259 0.0076944444444443936 0.038740740740740666
0 0.43975925925925924 0.5840092592592593 0.006592592592592597 0.033796296296296297
0 0.4606388888888889 0.5184814814814815 0.00522222222222221 0.024731481481481514
0 0.4849351851851852 0.48617592592592596 0.0031944444444444867 0.018555555555555523
0 0.4857083333333334 0.4833425925925926 0.0041249999999999325 0.018240740740740783
0 0.48114814814814816 0.4673611111111111 0.0034537037037037205 0.014740740740740756
0 0.476412037037037 0.4556481481481482 0.0030092592592592593 0.010740740740740762
0 0.4757407407407407 0.45532407407407405 0.0025925925925925505 0.010648148148148148
0 0.4519444444444445 0.4757407407407407 0.003888888888888931 0.016851851851851896
0 0.31798611111111114 0.5515740740740741 0.009583333333333355 0.03129629629629625
0 0.3241851851851852 0.5115185185185186 0.0062129629629629965 0.018842592592592508
0 0.3177685185185185 0.4913148148148148 0.0056666666666666705 0.015564814814814764
0 0.3168842592592593 0.48735185185185187 0.0056666666666666705 0.018018518518518552
0 0.32261574074074073 0.47172222222222215 0.004435185185185151 0.014333333333333297
0 0.34838425925925925 0.47540740740740745 0.004370370370370396 0.01433333333333335
0 0.27797685185185184 0.4889259259259259 0.00839351851851857 0.014611111111111085
0 0.2554166666666667 0.49874999999999997 0.005189814814814832 0.016518518518518443
0 0.38319444444444445 0.4731574074074074 0.004643518518518506 0.015018518518518544
0 0.3977685185185185 0.48605555555555563 0.0051203703703703455 0.019518518518518452
0 0.4186851851851852 0.4783425925925926 0.005458333333333317 0.016111111111111142
0 0.4290277777777778 0.47056481481481477 0.0045740740740741245 0.015833333333333355
0 0.41930092592592594 0.46052777777777776 0.003004629629629634 0.014064814814814865
0 0.41452314814814817 0.4547962962962963 0.003277777777777744 0.012425925925925887
0 0.5847222222222223 0.48073148148148154 0.004981481481481582 0.016518518518518495
1 0.9327592592592593 0.6401944444444444 0.011837962962963038 0.019555555555555455
1 0.775 0.6951574074074074 0.008680555555555556 0.01487962962962957
1 0.4449398148148148 0.63625 0.005583333333333308 0.008685185185185287