0 0.3221851851851852 0.48400000000000004 0.00565740740740742 0.020277777777777808
0 0.40635185185185185 0.4687037037037037 0.003925925925925934 0.01608333333333334
0 0.41167592592592595 0.4867962962962963 0.003921296296296309 0.01812037037037031
0 0.38586574074074076 0.5096666666666667 0.006810185185185202 0.02295370370370367
0 0.37353240740740745 0.5123425925925926 0.006476851851851856 0.025268518518518485
0 0.4264953703703704 0.49074074074074076 0.004726851851851868 0.0169259259259259
1 0.4571296296296296 0.4819166666666667 0.0027546296296296507 0.0034444444444444696
0 0.46638888888888885 0.4559351851851852 0.003749999999999958 0.011712962962962942
0 0.46974537037037034 0.46927777777777785 0.004101851851851805 0.013018518518518521
0 0.47027777777777774 0.47780555555555554 0.0037361111111110816 0.013870370370370387
0 0.4626018518518519 0.47497222222222224 0.0038379629629629462 0.01682407407407409
0 0.45587037037037037 0.5012592592592593 0.006032407407407395 0.019777777777777686
0 0.440375 0.5121851851851852 0.004819444444444482 0.02382407407407409
0 0.45469444444444446 0.5266111111111111 0.005347222222222201 0.02843518518518522
0 0.4370509259259259 0.5769074074074073 0.009763888888888851 0.032037037037036954
1 0.4443796296296296 0.6363518518518518 0.0035740740740740867 0.007722222222222146
0 0.493537037037037 0.4818888888888889 0.003189814814814756 0.01853703703703702
0 0.5095648148148149 0.4558148148148148 0.0024814814814815406 0.01071296296296301
0 0.5183657407407408 0.46368518518518514 0.0020833333333333333 0.01169444444444444
0 0.5119074074074074 0.46814814814814815 0.002870370370370286 0.01264814814814817
0 0.5232777777777777 0.4751296296296296 0.0033796296296297137 0.013361111111111117
0 0.5205138888888888 0.4909351851851852 0.005439814814814815 0.02071296296296286
0 0.5083564814814815 0.4945462962962963 0.00656944444444447 0.01960185185185192
0 0.5201296296296296 0.5220740740740741 0.005615740740740791 0.026175925925925908
0 0.5896064814814814 0.6009074074074074 0.010009259259259209 0.03797222222222221
0 0.6330833333333333 0.4880462962962963 0.00420370370370367 0.016453703703703686