0 0.354462962962963 0.49129629629629634 0.005847222222222273 0.01980555555555565
1 0.4444537037037037 0.6365 0.004120370370370412 0.007842592592592618
0 0.4858703703703704 0.47914814814814816 0.0033657407407407325 0.02005555555555558
0 0.5129351851851852 0.4796018518518519 0.0044768518518518855 0.016685185185185167
0 0.49887499999999996 0.5270185185185184 0.00517129629629633 0.02694444444444436
0 0.5107731481481481 0.535537037037037 0.005583333333333308 0.027120370370370336
0 0.5054398148148148 0.5578055555555556 0.009083333333333284 0.03050000000000005
0 0.6126666666666666 0.6049907407407408 0.008148148148148106 0.0349537037037037
0 0.574625 0.559287037037037 0.008814814814814798 0.024898148148148242
0 0.5936805555555555 0.5950277777777778 0.012037037037037037 0.032148148148148176
0 0.6011064814814815 0.5579166666666666 0.011175925925925867 0.027416666666666575
0 0.5570462962962963 0.4938425925925926 0.0049490740740741 0.018481481481481515
0 0.5524953703703704 0.4757222222222222 0.0035092592592592254 0.017490740740740782
0 0.5461342592592593 0.46528703703703705 0.0030555555555555136 0.0147222222222222
0 0.6022268518518519 0.5276944444444445 0.008277777777777828 0.025592592592592684
0 0.6242083333333334 0.49227777777777776 0.005643518518518543 0.017666666666666598
0 0.6371203703703704 0.529962962962963 0.007990740740740842 0.024527777777777787
0 0.712087962962963 0.5998611111111112 0.014962962962963039 0.03917592592592588
0 0.6417314814814815 0.5338796296296296 0.008138888888888855 0.023472222222222137
1 0.7179027777777778 0.5828055555555555 0.003745370370370438 0.005407407407407331
0 0.692287037037037 0.5766296296296296 0.012416666666666742 0.028944444444444436
0 0.6918009259259259 0.5647962962962964 0.009662037037036986 0.026685185185185128
0 0.6985833333333333 0.5486944444444445 0.012333333333333274 0.02544444444444446
0 0.717625 0.5284444444444445 0.011138888888888863 0.020842592592592583
0 0.6849814814814814 0.49982407407407403 0.007759259259259361 0.018925925925925978
0 0.8006944444444445 0.6022222222222222 0.0156435185185185 0.03163888888888896