0 0.348662037037037 0.47468518518518515 0.007458333333333287 0.01609259259259264
0 0.43148148148148147 0.4590462962962963 0.0030370370370370117 0.01270370370370373
1 0.4352361111111111 0.4644537037037037 0.0020324074074074537 0.005500000000000051
0 0.40135648148148145 0.4844814814814815 0.0053333333333333245 0.01971296296296293
0 0.45052777777777775 0.4539074074074074 0.0030185185185185102 0.011203703703703724
0 0.45831944444444445 0.46325 0.0025138888888889183 0.014231481481481486
0 0.4386111111111111 0.4772037037037037 0.004101851851851805 0.01565740740740743
0 0.4460601851851852 0.48033333333333333 0.0036342592592592173 0.017638888888888846
0 0.4732314814814815 0.45678703703703705 0.003111111111111124 0.0121203703703704
0 0.4908240740740741 0.46581481481481474 0.0035185185185184764 0.01707407407407407
0 0.4701203703703704 0.5100555555555556 0.00506481481481484 0.022138888888888965
0 0.4455092592592592 0.5406666666666666 0.004884259259259238 0.029268518518518426
0 0.49292129629629633 0.4854259259259259 0.0038148148148147137 0.018999999999999982
0 0.49829166666666663 0.48363888888888895 0.004101851851851911 0.01647222222222219
0 0.5131203703703703 0.45716666666666667 0.0024953703703703115 0.011740740740740694
0 0.5224722222222222 0.45925925925925926 0.004004629629629671 0.012824074074074095
0 0.5342222222222223 0.4676018518518518 0.003416666666666717 0.01580555555555555
0 0.5374212962962963 0.47591666666666665 0.0037129629629629544 0.014833333333333316
0 0.5457916666666667 0.47732407407407407 0.004347222222222163 0.017592592592592594
0 0.5376111111111112 0.4991851851851852 0.004069444444444428 0.021175925925925824
0 0.5592592592592592 0.5070277777777779 0.006939814814814714 0.02176851851851851
0 0.5609861111111111 0.5710833333333333 0.008870370370370303 0.034074074074074034
1 0.44440740740740736 0.636425925925926 0.003708333333333329 0.01003703703703696
0 0.6365046296296296 0.48438888888888887 0.004893518518518595 0.01617592592592595
0 0.6624490740740742 0.6044537037037037 0.0156435185185185 0.0422500000000001