0 0.8586481481481482 0.6015185185185185 0.01841203703703703 0.03244444444444441
0 0.6184027777777777 0.5132685185185185 0.006962962962962946 0.022481481481481456
0 0.638087962962963 0.5011296296296297 0.00646296296296298 0.017842592592592577
0 0.6320694444444445 0.4864722222222222 0.006148148148148241 0.013231481481481448
0 0.6913611111111111 0.4934907407407408 0.005416666666666583 0.015120370370370303
0 0.6319212962962963 0.4818518518518518 0.005203703703703603 0.014398148148148106
0 0.6362129629629629 0.4822407407407408 0.004587962962962895 0.014953703703703788
0 0.6083611111111111 0.4702962962962963 0.005763888888888805 0.011703703703703692
0 0.6009444444444444 0.47515740740740736 0.0067916666666667 0.012000000000000033
0 0.5831342592592592 0.46728703703703706 0.005615740740740791 0.0128611111111111
0 0.5900324074074074 0.4621851851851852 0.0038287037037036953 0.007962962962962984
0 0.5883287037037037 0.4614351851851852 0.003953703703703687 0.009824074074074087
0 0.5856805555555555 0.46344444444444444 0.003944444444444436 0.010416666666666666
0 0.5720787037037037 0.45741666666666664 0.0029490740740740237 0.00986111111111109
0 0.5676620370370371 0.4585370370370371 0.0036620370370369698 0.009694444444444469
0 0.5454768518518519 0.45567592592592593 0.0032453703703704713 0.009148148148148143
0 0.5510185185185186 0.4716296296296296 0.003999999999999941 0.015240740740740775
0 0.5305509259259259 0.45942592592592596 0.003726851851851936 0.013185185185185194
0 0.5174768518518519 0.4575 0.0038703703703704294 0.015500000000000009
0 0.4918287037037037 0.47174074074074074 0.003587962962962963 0.017629629629629596
0 0.5925833333333334 0.47860185185185183 0.00473611111111112 0.014064814814814865
0 0.6014907407407407 0.46908333333333335 0.006027777777777769 0.01236111111111108
0 0.4053703703703704 0.4710740740740741 0.0030277777777777608 0.01886111111111106
1 0.9328055555555556 0.6390092592592592 0.012708333333333249 0.010953703703703636
1 0.7746203703703703 0.6953240740740741 0.010754629629629638 0.012518518518518502
1 0.6576064814814815 0.6568148148148149 0.004361111111111145 0.007611111111111136
1 0.4449768518518518 0.6363981481481481 0.004546296296296267 0.007240740740740682