0 0.2787916666666667 0.48779629629629634 0.004791666666666625 0.019518518518518452
0 0.29684722222222226 0.4880925925925926 0.006319444444444487 0.01401851851851861
0 0.23779629629629628 0.5162592592592592 0.0036620370370370487 0.018472222222222265
0 0.23376388888888888 0.5161296296296296 0.0047499999999999955 0.018222222222222282
1 0.19474537037037035 0.5502592592592592 0.0029907407407407578 0.009185185185185253
0 0.19937962962962963 0.5372129629629631 0.012773148148148164 0.019694444444444428
0 0.18849537037037037 0.5440833333333334 0.009814814814814835 0.021240740740740793
0 0.2784398148148148 0.535324074074074 0.008157407407407356 0.02609259259259265
0 0.2694166666666667 0.553425925925926 0.008930555555555539 0.02670370370370363
0 0.3158611111111111 0.5059444444444444 0.008199074074074091 0.021407407407407306
0 0.3288935185185185 0.48778703703703696 0.005458333333333317 0.013888888888888888
0 0.33971296296296294 0.4726851851851852 0.003092592592592622 0.011425925925925904
0 0.32079166666666664 0.4849537037037037 0.0047314814814814945 0.012490740740740748
0 0.3178564814814815 0.48051851851851857 0.004194444444444419 0.014287037037037043
0 0.3753009259259259 0.47583333333333333 0.004930555555555598 0.01771296296296301
0 0.39691203703703704 0.4605462962962963 0.0025509259259259218 0.011666666666666688
0 0.4000370370370371 0.4648981481481481 0.0029305555555555218 0.010555555555555535
0 0.36565277777777777 0.5029907407407408 0.004569444444444394 0.021888888888888982
0 0.40047222222222223 0.48425 0.0059398148148147815 0.01961111111111117
0 0.39897685185185183 0.49773148148148144 0.006685185185185211 0.020962962962963055
0 0.4194953703703704 0.4784166666666667 0.004787037037036999 0.015416666666666698
0 0.4625231481481481 0.4697037037037037 0.003361111111111107 0.016657407407407416
0 0.47331481481481474 0.4921944444444445 0.006009259259259215 0.021638888888888787
0 0.5073148148148148 0.5987592592592592 0.008671296296296305 0.03794444444444446
0 0.5841666666666666 0.47953703703703704 0.0044166666666666495 0.017453703703703673
1 0.44475925925925924 0.63675 0.003481481481481473 0.007398148148148156