0 0.8468935185185185 0.603462962962963 0.015902777777777734 0.03102777777777777
0 0.631986111111111 0.5157962962962962 0.009245370370370277 0.020277777777777863
0 0.6193796296296296 0.49701851851851847 0.005185185185185101 0.017074074074074123
0 0.6206851851851852 0.4826759259259259 0.00559722222222229 0.016425925925925934
0 0.606162037037037 0.4698888888888889 0.004800925925925875 0.012574074074074059
0 0.5925277777777778 0.46414814814814814 0.0034953703703704546 0.010268518518518548
0 0.5901666666666666 0.46328703703703705 0.0036342592592592173 0.011870370370370417
0 0.5834537037037038 0.46912037037037035 0.004694444444444386 0.01206481481481479
0 0.5855370370370371 0.4663425925925926 0.004231481481481423 0.010583333333333287
0 0.5813240740740742 0.4629074074074074 0.004750000000000101 0.00964814814814811
0 0.568837962962963 0.45828703703703705 0.0032592592592592426 0.00926851851851851
0 0.5712638888888889 0.4580648148148148 0.0036712962962962203 0.009953703703703704
0 0.577574074074074 0.4585 0.0033148148148147475 0.010833333333333375
0 0.5661157407407407 0.47382407407407406 0.005263888888888838 0.014009259259259308
0 0.5441203703703703 0.4691296296296296 0.004754629629629621 0.012472222222222195
0 0.5356759259259259 0.4705740740740741 0.0033564814814814816 0.013916666666666641
0 0.5387129629629629 0.46008333333333334 0.003995370370370421 0.014388888888888856
0 0.5219675925925926 0.4706481481481481 0.003958333333333418 0.015499999999999957
0 0.4971990740740741 0.45999074074074076 0.0037222222222222053 0.012935185185185211
0 0.40544907407407405 0.47350925925925924 0.0035648148148148357 0.0183981481481481
0 0.6884259259259259 0.49249074074074073 0.00559722222222229 0.01607407407407398
0 0.5346388888888889 0.4542962962962963 0.003736111111111187 0.010231481481481439
1 0.9325138888888889 0.6396018518518518 0.010949074074074116 0.01681481481481489
1 0.774912037037037 0.6941574074074075 0.010166666666666683 0.01563888888888898
1 0.658337962962963 0.656462962962963 0.004800925925925875 0.00960185185185175
1 0.445 0.6362685185185185 0.00446296296296301 0.00840740740740734