0 0.354462962962963 0.49129629629629634 0.005847222222222222 0.019805555555555555
1 0.4444537037037037 0.6365 0.004120370370370371 0.007842592592592594
0 0.4858703703703704 0.47914814814814816 0.0033657407407407408 0.020055555555555556
0 0.5129351851851852 0.4796018518518519 0.004476851851851852 0.016685185185185185
0 0.49887499999999996 0.5270185185185184 0.005171296296296296 0.026944444444444444
0 0.5107731481481481 0.535537037037037 0.005583333333333333 0.02712037037037037
0 0.5054398148148148 0.5578055555555556 0.009083333333333334 0.0305
0 0.6126666666666666 0.6049907407407408 0.00814814814814815 0.0349537037037037
0 0.574625 0.559287037037037 0.008814814814814815 0.02489814814814815
0 0.5936805555555555 0.5950277777777778 0.012037037037037037 0.03214814814814815
0 0.6011064814814815 0.5579166666666666 0.011175925925925926 0.027416666666666666
0 0.5570462962962963 0.4938425925925926 0.004949074074074074 0.01848148148148148
0 0.5524953703703704 0.4757222222222222 0.0035092592592592593 0.01749074074074074
0 0.5461342592592593 0.46528703703703705 0.0030555555555555553 0.014722222222222223
0 0.6022268518518519 0.5276944444444445 0.008277777777777778 0.025592592592592594
0 0.6242083333333334 0.49227777777777776 0.005643518518518518 0.017666666666666664
0 0.6371203703703704 0.529962962962963 0.007990740740740741 0.024527777777777777
0 0.712087962962963 0.5998611111111112 0.014962962962962963 0.03917592592592593
0 0.6417314814814815 0.5338796296296296 0.008138888888888888 0.023472222222222224
1 0.7179027777777778 0.5828055555555555 0.0037453703703703703 0.005407407407407408
0 0.692287037037037 0.5766296296296296 0.012416666666666666 0.028944444444444446
0 0.6918009259259259 0.5647962962962964 0.009662037037037037 0.026685185185185187
0 0.6985833333333333 0.5486944444444445 0.012333333333333333 0.025444444444444443
0 0.717625 0.5284444444444445 0.01113888888888889 0.020842592592592593
0 0.6849814814814814 0.49982407407407403 0.00775925925925926 0.018925925925925926
0 0.8006944444444445 0.6022222222222222 0.01564351851851852 0.03163888888888889