0 0.43054166666666666 0.476537037037037 0.005861111111111111 0.020166666666666666
0 0.77125 0.5278148148148147 0.011643518518518518 0.017592592592592594
0 0.6060925925925926 0.47325 0.004125 0.014768518518518518
0 0.6187638888888889 0.4976481481481482 0.006375 0.017777777777777778
0 0.6365277777777778 0.4839259259259259 0.0056157407407407415 0.015842592592592592
0 0.62975 0.48183333333333334 0.005550925925925926 0.0145
0 0.6264166666666666 0.4803518518518518 0.004824074074074074 0.015564814814814814
0 0.6361527777777778 0.48315740740740737 0.0038148148148148147 0.015018518518518518
0 0.6402916666666667 0.4834166666666667 0.005652777777777778 0.014814814814814815
0 0.6428796296296296 0.48467592592592595 0.005930555555555556 0.014972222222222224
0 0.6550092592592592 0.4869074074074074 0.004986111111111111 0.014462962962962962
0 0.6628425925925926 0.4990833333333333 0.007074074074074074 0.016805555555555553
0 0.6731435185185185 0.49598148148148147 0.008847222222222222 0.016046296296296295
0 0.6727685185185186 0.49231481481481487 0.008412037037037037 0.01652777777777778
0 0.6691898148148149 0.4921759259259259 0.006935185185185186 0.013175925925925926
0 0.6916574074074074 0.4953148148148149 0.006379629629629629 0.017314814814814814
0 0.6968657407407407 0.4935555555555555 0.005791666666666666 0.014990740740740742
0 0.6979351851851852 0.4940740740740741 0.006328703703703704 0.013555555555555557
0 0.7077361111111111 0.5020648148148148 0.007009259259259259 0.01037037037037037
0 0.7213796296296296 0.5027685185185186 0.00674537037037037 0.014611111111111111
0 0.6145787037037037 0.4585092592592593 0.002708333333333333 0.011166666666666667
1 0.9310416666666667 0.6400462962962963 0.010430555555555556 0.014601851851851852
1 0.7870046296296297 0.5397222222222222 0.005319444444444444 0.007601851851851853
1 0.4446805555555556 0.6363703703703704 0.004231481481481482 0.009166666666666667