0 0.6918472222222223 0.49130555555555555 0.005046296296296296 0.011518518518518518
0 0.7149120370370371 0.5161481481481482 0.005898148148148148 0.014240740740740741
0 0.6847638888888888 0.4992222222222222 0.009138888888888887 0.01652777777777778
0 0.9143657407407407 0.6053611111111111 0.01662962962962963 0.02798148148148148
0 0.6612546296296296 0.48656481481481484 0.004138888888888889 0.012092592592592592
0 0.6577037037037038 0.48459259259259263 0.0052037037037037034 0.012712962962962964
0 0.6469537037037038 0.48991666666666667 0.007472222222222222 0.01575
0 0.6436018518518519 0.4770370370370371 0.005958333333333333 0.011898148148148147
0 0.6392083333333334 0.4812222222222223 0.005194444444444445 0.012361111111111111
0 0.6317314814814815 0.47839814814814813 0.004425925925925926 0.012796296296296297
0 0.6296898148148149 0.4705462962962963 0.003967592592592593 0.011703703703703704
0 0.6232777777777778 0.46844444444444444 0.0032175925925925926 0.011157407407407408
0 0.6186203703703704 0.4675740740740741 0.004203703703703703 0.010638888888888889
0 0.6118981481481481 0.46624074074074073 0.00400462962962963 0.011935185185185186
0 0.6199351851851852 0.48884259259259266 0.007476851851851851 0.016333333333333335
0 0.5811342592592592 0.47559259259259257 0.00487962962962963 0.014185185185185186
0 0.5914722222222222 0.4806574074074074 0.004740740740740741 0.015194444444444444
0 0.5709861111111111 0.4620092592592593 0.0026342592592592594 0.009555555555555555
0 0.558587962962963 0.47002777777777777 0.003680555555555556 0.014314814814814815
0 0.5364537037037037 0.4638981481481481 0.0033564814814814816 0.0115
0 0.5333055555555556 0.4639537037037037 0.0029768518518518516 0.01375
0 0.41255092592592596 0.4726388888888889 0.00436574074074074 0.016731481481481483
0 0.4948333333333333 0.4721574074074074 0.0031666666666666666 0.018074074074074072