0 0.3944722222222222 0.47261111111111115 0.00399074074074074 0.016009259259259258
0 0.4624166666666667 0.4910462962962963 0.004629629629629629 0.021620370370370373
0 0.504962962962963 0.46197222222222223 0.0032222222222222222 0.012916666666666667
0 0.5164074074074074 0.45841666666666664 0.0031898148148148146 0.009712962962962963
0 0.5119907407407408 0.47736111111111107 0.0035787037037037037 0.015546296296296296
0 0.5299953703703704 0.46667592592592594 0.0030092592592592593 0.013888888888888888
0 0.5373009259259259 0.4781944444444445 0.005425925925925926 0.015351851851851851
0 0.537675925925926 0.459287037037037 0.0038194444444444443 0.011185185185185185
0 0.5568703703703703 0.4769537037037037 0.005763888888888889 0.015685185185185187
0 0.5591805555555556 0.504787037037037 0.006277777777777778 0.02049074074074074
0 0.5545231481481482 0.5192592592592592 0.005828703703703704 0.025296296296296296
0 0.569662037037037 0.4911296296296296 0.004958333333333334 0.019203703703703702
0 0.5624444444444445 0.46880555555555553 0.004810185185185186 0.013870370370370371
0 0.5675277777777777 0.46679629629629626 0.004032407407407408 0.011703703703703704
0 0.5865833333333333 0.4689907407407407 0.005231481481481482 0.01200925925925926
0 0.5926111111111111 0.46567592592592594 0.0056620370370370375 0.011703703703703704
0 0.6137546296296297 0.4831481481481481 0.006717592592592593 0.01362962962962963
0 0.6183287037037036 0.4886203703703704 0.007703703703703704 0.015305555555555557
0 0.6327777777777778 0.5039166666666667 0.009717592592592592 0.019194444444444445
0 0.6812453703703704 0.4907685185185185 0.0068009259259259255 0.015435185185185187
0 0.6999351851851852 0.5610740740740741 0.011055555555555555 0.02411111111111111
0 0.5825648148148148 0.48577777777777775 0.00600462962962963 0.015648148148148147
0 0.5929907407407407 0.4646111111111111 0.004277777777777778 0.011833333333333333
1 0.7751481481481481 0.694787037037037 0.008347222222222223 0.014212962962962962
1 0.933162037037037 0.6377685185185185 0.008499999999999999 0.013287037037037036
1 0.6126851851851852 0.4721759259259259 0.001851851851851852 0.003981481481481482
1 0.4454027777777778 0.6348981481481482 0.006342592592592592 0.011000000000000001