0 0.348662037037037 0.47468518518518515 0.007458333333333333 0.016092592592592592
0 0.43148148148148147 0.4590462962962963 0.003037037037037037 0.012703703703703705
1 0.4352361111111111 0.4644537037037037 0.0020324074074074073 0.0055000000000000005
0 0.40135648148148145 0.4844814814814815 0.005333333333333333 0.019712962962962963
0 0.45052777777777775 0.4539074074074074 0.0030185185185185185 0.011203703703703704
0 0.45831944444444445 0.46325 0.002513888888888889 0.01423148148148148
0 0.4386111111111111 0.4772037037037037 0.004101851851851851 0.015657407407407408
0 0.4460601851851852 0.48033333333333333 0.003634259259259259 0.017638888888888888
0 0.4732314814814815 0.45678703703703705 0.003111111111111111 0.01212037037037037
0 0.4908240740740741 0.4658148148148148 0.0035185185185185185 0.017074074074074075
0 0.4701203703703704 0.5100555555555556 0.0050648148148148145 0.02213888888888889
0 0.4455092592592592 0.5406666666666666 0.004884259259259259 0.029268518518518517
0 0.49292129629629633 0.4854259259259259 0.0038148148148148147 0.019
0 0.49829166666666663 0.48363888888888895 0.004101851851851851 0.01647222222222222
0 0.5131203703703703 0.45716666666666667 0.00249537037037037 0.01174074074074074
0 0.5224722222222222 0.45925925925925926 0.00400462962962963 0.012824074074074075
0 0.5342222222222223 0.4676018518518518 0.003416666666666667 0.015805555555555555
0 0.5374212962962963 0.47591666666666665 0.0037129629629629626 0.014833333333333334
0 0.5457916666666667 0.47732407407407407 0.004347222222222223 0.017592592592592594
0 0.5376111111111112 0.4991851851851852 0.004069444444444444 0.021175925925925928
0 0.5592592592592592 0.5070277777777779 0.006939814814814815 0.02176851851851852
0 0.5609861111111111 0.5710833333333333 0.00887037037037037 0.03407407407407407
1 0.44440740740740736 0.636425925925926 0.0037083333333333334 0.010037037037037037
0 0.6365046296296296 0.48438888888888887 0.004893518518518518 0.016175925925925923
0 0.6624490740740742 0.6044537037037037 0.01564351851851852 0.04225