0 0.8533333333333334 0.6010555555555556 0.018569444444444444 0.02603703703703704
0 0.7314907407407407 0.5434444444444444 0.01062962962962963 0.023064814814814816
0 0.6795 0.5235648148148149 0.006912037037037037 0.02086111111111111
0 0.6836296296296297 0.5197685185185186 0.006666666666666667 0.022194444444444444
0 0.6966527777777778 0.49784259259259256 0.008129629629629629 0.014453703703703703
0 0.6587546296296297 0.5130648148148148 0.007546296296296297 0.015203703703703705
0 0.6621111111111111 0.5073981481481482 0.006185185185185185 0.01824074074074074
0 0.6410046296296296 0.510962962962963 0.007013888888888889 0.018351851851851852
0 0.6473657407407407 0.49448148148148147 0.004856481481481482 0.016685185185185185
0 0.6411620370370371 0.4944537037037037 0.0063981481481481485 0.01439814814814815
0 0.6326203703703703 0.4977037037037037 0.005916666666666666 0.016425925925925924
0 0.6350972222222222 0.48447222222222225 0.0048009259259259255 0.015185185185185184
0 0.630199074074074 0.48396296296296293 0.003731481481481482 0.0145
0 0.615587962962963 0.49291666666666667 0.00612962962962963 0.016101851851851853
0 0.5863935185185185 0.4708055555555556 0.006074074074074074 0.014037037037037037
0 0.5343611111111112 0.4849351851851852 0.006185185185185185 0.01738888888888889
0 0.5282916666666666 0.4804629629629629 0.005314814814814815 0.01738888888888889
0 0.5072129629629629 0.46694444444444444 0.004268518518518519 0.01301851851851852
0 0.48952777777777784 0.4646018518518518 0.0041898148148148155 0.012805555555555556
0 0.49852314814814813 0.4979166666666667 0.004726851851851852 0.020685185185185185
0 0.4738657407407407 0.49012037037037043 0.0035787037037037037 0.020731481481481483
0 0.4679027777777778 0.48269444444444437 0.004481481481481481 0.017694444444444443
0 0.47265277777777776 0.4747037037037037 0.003763888888888889 0.016416666666666666
0 0.35794444444444445 0.4780185185185185 0.004712962962962963 0.016981481481481483
1 0.9321898148148148 0.6392407407407408 0.011143518518518518 0.011296296296296296
1 0.7749814814814815 0.6951111111111111 0.008467592592592593 0.013666666666666667
1 0.4448009259259259 0.6365462962962963 0.004787037037037037 0.007425925925925925