0 0.9013935185185186 0.6028425925925927 0.018439814814814815 0.02736111111111111
0 0.684837962962963 0.4908796296296296 0.006194444444444445 0.01512962962962963
0 0.6546481481481481 0.5007870370370371 0.0072361111111111116 0.01825925925925926
0 0.6353472222222222 0.5014444444444444 0.00737037037037037 0.016953703703703703
0 0.6285324074074075 0.4782962962962962 0.004435185185185185 0.014212962962962962
0 0.6220416666666666 0.4773148148148148 0.004240740740740741 0.012518518518518517
0 0.6117083333333333 0.46987962962962965 0.0032592592592592595 0.012
0 0.607175925925926 0.46929629629629627 0.0034537037037037036 0.011083333333333334
0 0.6016342592592593 0.47705555555555557 0.004106481481481481 0.014083333333333335
0 0.5984722222222223 0.5067222222222222 0.006259259259259259 0.021518518518518517
0 0.586375 0.46740740740740744 0.003717592592592592 0.012518518518518517
0 0.5785416666666667 0.4656018518518519 0.003472222222222222 0.01287037037037037
0 0.5821527777777779 0.46004629629629634 0.002824074074074074 0.010833333333333332
0 0.5658333333333333 0.4576388888888889 0.005185185185185185 0.010462962962962964
0 0.5618287037037036 0.45662037037037034 0.004027777777777778 0.010277777777777778
0 0.5635648148148148 0.4740740740740741 0.003703703703703704 0.01462962962962963
0 0.5515277777777777 0.45842592592592596 0.0033333333333333335 0.012592592592592593
0 0.5403935185185185 0.4573148148148148 0.0032870370370370367 0.011481481481481481
0 0.5310648148148148 0.45837962962962964 0.0029629629629629632 0.011944444444444445
0 0.5333796296296296 0.4874537037037037 0.004722222222222222 0.01898148148148148
0 0.49805555555555553 0.4537962962962963 0.0028703703703703703 0.011851851851851853
0 0.49393518518518525 0.4665277777777778 0.0029629629629629632 0.015277777777777777
0 0.40263888888888894 0.46655555555555556 0.003134259259259259 0.015675925925925926
0 0.49395833333333333 0.4681944444444444 0.002916666666666667 0.013425925925925926
1 0.9319212962962963 0.6385000000000001 0.010532407407407407 0.012703703703703705
1 0.7751388888888888 0.6958240740740741 0.00885648148148148 0.013037037037037038
1 0.44506944444444446 0.6353796296296297 0.00399074074074074 0.007796296296296296
1 0.567337962962963 0.46171296296296294 0.0022685185185185187 0.002685185185185185