0 0.6425462962962963 0.5931944444444445 0.013717592592592592 0.035416666666666666
0 0.6079953703703703 0.4745648148148148 0.005152777777777778 0.015314814814814814
0 0.5298333333333334 0.4973518518518518 0.0038564814814814816 0.019749999999999997
0 0.5134953703703704 0.49981481481481477 0.003717592592592592 0.020453703703703703
0 0.5196574074074074 0.4781851851851852 0.003388888888888889 0.01561111111111111
0 0.5211851851851852 0.4756481481481482 0.003226851851851852 0.01437037037037037
0 0.516912037037037 0.4699907407407407 0.003236111111111111 0.01412962962962963
0 0.5079398148148149 0.4637777777777778 0.003115740740740741 0.010574074074074074
0 0.5100277777777779 0.46069444444444446 0.002675925925925926 0.010435185185185184
0 0.4913472222222222 0.46858333333333335 0.0031805555555555554 0.011509259259259259
0 0.4726851851851852 0.46399074074074076 0.002425925925925926 0.011398148148148149
0 0.45968518518518514 0.4609074074074074 0.002712962962962963 0.00925
0 0.4519444444444445 0.4660925925925926 0.0025462962962962965 0.008953703703703703
0 0.44786574074074076 0.4731296296296296 0.0034537037037037036 0.013157407407407408
0 0.4368842592592592 0.47380555555555554 0.004458333333333334 0.012074074074074074
0 0.4367777777777778 0.4679259259259259 0.003208333333333333 0.01087962962962963
0 0.40396759259259263 0.4744351851851852 0.0032731481481481483 0.01274074074074074
0 0.40061574074074074 0.4883611111111111 0.004652777777777778 0.016129629629629633
0 0.3791157407407407 0.501074074074074 0.004527777777777777 0.01735185185185185
0 0.4308425925925926 0.5492222222222222 0.005828703703703704 0.028175925925925927
0 0.47253703703703703 0.5020092592592592 0.005175925925925926 0.018203703703703705
0 0.4662268518518518 0.47985185185185186 0.003185185185185185 0.014638888888888889
0 0.33179166666666665 0.49536111111111114 0.004694444444444445 0.014981481481481481
0 0.49523611111111115 0.4593055555555556 0.0022685185185185187 0.00912037037037037
1 0.6656296296296296 0.7083703703703703 0.006222222222222222 0.011935185185185186
1 0.6501342592592593 0.6719166666666666 0.005717592592592593 0.009657407407407408
1 0.49669907407407404 0.6622685185185185 0.005717592592592593 0.012194444444444444
1 0.3371018518518518 0.6599814814814815 0.004828703703703704 0.009657407407407408
1 0.2512407407407407 0.6358425925925927 0.004828703703703704 0.009148148148148148