1 0.2961064814814815 0.49113888888888885 0.0017916666666666667 0.004657407407407408
1 0.44446296296296295 0.6359166666666667 0.0039027777777777776 0.006583333333333333
0 0.29237037037037034 0.4938148148148149 0.009069444444444444 0.019018518518518518
0 0.2830972222222222 0.5205462962962963 0.008546296296296297 0.019222222222222224
0 0.298287037037037 0.5502685185185184 0.009833333333333333 0.026212962962962962
0 0.3236712962962963 0.484212962962963 0.005287037037037037 0.012925925925925928
0 0.3317685185185185 0.48253703703703704 0.005560185185185185 0.014194444444444445
0 0.3905185185185185 0.46637962962962964 0.0029537037037037036 0.01250925925925926
0 0.3539351851851852 0.49337962962962967 0.006407407407407408 0.019796296296296294
0 0.386625 0.4866203703703703 0.0062268518518518515 0.017750000000000002
0 0.3976018518518519 0.4741666666666667 0.004180555555555555 0.013722222222222222
0 0.45093518518518516 0.45667592592592593 0.002208333333333333 0.011037037037037036
0 0.4613101851851852 0.46189814814814817 0.003162037037037037 0.012092592592592592
0 0.4583009259259259 0.4802777777777778 0.004083333333333334 0.019055555555555555
0 0.43207407407407405 0.4808888888888889 0.004884259259259259 0.017824074074074076
0 0.4272592592592593 0.4794444444444444 0.004027777777777778 0.016981481481481483
0 0.4230601851851852 0.4966481481481481 0.005634259259259259 0.01998148148148148
0 0.41280555555555554 0.5424907407407408 0.007768518518518519 0.02636111111111111
0 0.45548611111111115 0.5037222222222222 0.005393518518518519 0.021472222222222222
0 0.4816944444444445 0.4771574074074074 0.002708333333333333 0.016898148148148148
0 0.4867592592592593 0.5013796296296297 0.0034814814814814812 0.02076851851851852
0 0.4772777777777778 0.5500462962962962 0.005310185185185185 0.03208333333333333
0 0.5161018518518519 0.5037685185185186 0.005819444444444445 0.023194444444444445
0 0.5087685185185186 0.4699537037037037 0.0023796296296296295 0.015138888888888891
0 0.6080462962962964 0.4913148148148148 0.004435185185185185 0.018694444444444444
0 0.5464768518518519 0.6000740740740741 0.009027777777777777 0.03787037037037037