0 0.625300925925926 0.49966666666666665 0.005810185185185186 0.017064814814814814
0 0.6067407407407407 0.4710833333333333 0.003763888888888889 0.014240740740740741
0 0.6270694444444445 0.4808148148148148 0.003949074074074074 0.01399074074074074
0 0.6300462962962964 0.4823333333333333 0.0045000000000000005 0.012712962962962964
0 0.6380694444444445 0.483 0.0052037037037037034 0.01349074074074074
0 0.6354722222222222 0.4820833333333333 0.003731481481481482 0.013333333333333334
0 0.6327824074074074 0.48178703703703707 0.003685185185185185 0.014425925925925925
0 0.6642824074074074 0.4979166666666667 0.005254629629629629 0.01661111111111111
0 0.7231527777777778 0.5038055555555556 0.005412037037037036 0.011962962962962963
0 0.7085231481481482 0.499712962962963 0.006953703703703703 0.01548148148148148
0 0.6978981481481482 0.4931759259259259 0.004625 0.014481481481481482
0 0.6858472222222223 0.4938425925925926 0.005629629629629629 0.01561111111111111
0 0.6914259259259259 0.4941203703703704 0.005597222222222222 0.017305555555555557
0 0.9749537037037037 0.6031296296296296 0.017069444444444443 0.02548148148148148
0 0.425875 0.47630555555555554 0.005050925925925926 0.01776851851851852
0 0.5421990740740741 0.47831481481481486 0.0032592592592592595 0.017277777777777777
1 0.9324212962962963 0.6395 0.009527777777777777 0.014037037037037037
1 0.7746342592592593 0.6959907407407407 0.009861111111111112 0.012703703703703705
1 0.4454444444444444 0.6369907407407408 0.005347222222222223 0.011027777777777779
1 0.9593194444444445 0.6067592592592592 0.006268518518518518 0.008583333333333333