0 0.6386342592592593 0.5923148148148148 0.01161574074074074 0.03708333333333333
0 0.6326805555555555 0.4796759259259259 0.005060185185185185 0.0165
0 0.5180138888888889 0.5131203703703703 0.004888888888888889 0.02487037037037037
0 0.5318287037037037 0.4869074074074074 0.00412962962962963 0.019416666666666665
0 0.5091944444444444 0.4653888888888889 0.0033703703703703704 0.008666666666666666
0 0.5035092592592593 0.46829629629629627 0.0034305555555555556 0.013916666666666666
0 0.48640740740740745 0.46897222222222223 0.003212962962962963 0.013574074074074073
0 0.4833981481481482 0.4766944444444445 0.0040648148148148145 0.014861111111111111
0 0.4784861111111111 0.4756944444444444 0.003013888888888889 0.01474074074074074
0 0.47823611111111114 0.4676388888888889 0.0033564814814814816 0.013166666666666667
0 0.47199537037037037 0.47153703703703703 0.0026666666666666666 0.013416666666666667
0 0.45869907407407406 0.5062962962962962 0.005259259259259259 0.021166666666666667
0 0.44483796296296296 0.4776759259259259 0.002851851851851852 0.015694444444444445
0 0.4478148148148148 0.46675 0.0027407407407407406 0.011407407407407408
0 0.4331203703703704 0.47544444444444445 0.003416666666666667 0.013231481481481481
0 0.42747685185185186 0.4797314814814815 0.0047083333333333335 0.015148148148148148
0 0.423962962962963 0.48875 0.004097222222222222 0.015398148148148147
0 0.4233703703703704 0.46967592592592594 0.003652777777777778 0.013546296296296298
0 0.39752777777777776 0.48206481481481483 0.005069444444444444 0.015425925925925926
0 0.39369444444444446 0.49119444444444443 0.005069444444444444 0.015694444444444445
0 0.3939259259259259 0.5078333333333334 0.00438425925925926 0.01923148148148148
0 0.4167175925925926 0.5360092592592592 0.007777777777777778 0.024324074074074074
0 0.2966712962962963 0.5026388888888889 0.005796296296296296 0.014870370370370369
0 0.48348148148148146 0.4777592592592593 0.00399074074074074 0.012305555555555554
1 0.6653888888888889 0.7063796296296296 0.007143518518518519 0.014666666666666666
1 0.6496898148148148 0.6717777777777778 0.006578703703703704 0.012407407407407407
1 0.4966435185185185 0.6621944444444444 0.0062037037037037035 0.010527777777777777
1 0.3369259259259259 0.65975 0.004888888888888889 0.013157407407407408
1 0.25025 0.6368055555555555 0.0060185185185185185 0.010157407407407408
1 0.4259583333333334 0.49981481481481477 0.0023425925925925923 0.004574074074074074