0 0.49439351851851854 0.6023333333333333 0.011032407407407407 0.041990740740740745
0 0.49768981481481483 0.5050277777777777 0.004439814814814815 0.023175925925925926
0 0.5015509259259259 0.4767685185185185 0.003231481481481482 0.01674074074074074
0 0.6002037037037037 0.47964814814814816 0.005273148148148148 0.017499999999999998
0 0.487662037037037 0.4687037037037037 0.0028101851851851855 0.01412037037037037
0 0.47571296296296295 0.4711018518518519 0.0032175925925925926 0.012972222222222222
0 0.46638888888888885 0.4771111111111111 0.004930555555555556 0.008435185185185184
0 0.46063425925925927 0.4775462962962963 0.002972222222222222 0.014990740740740742
0 0.45160648148148147 0.48427777777777775 0.003208333333333333 0.016925925925925928
0 0.44993055555555556 0.48420370370370375 0.003671296296296296 0.01538888888888889
0 0.446962962962963 0.4734166666666667 0.0030185185185185185 0.014277777777777778
0 0.41910185185185184 0.48080555555555554 0.0034953703703703705 0.01412037037037037
0 0.41081944444444446 0.492425925925926 0.004087962962962963 0.015277777777777777
0 0.40712037037037035 0.500287037037037 0.004611111111111112 0.017444444444444443
0 0.4024583333333333 0.5075185185185185 0.0042499999999999994 0.016962962962962964
0 0.34574074074074074 0.5246296296296297 0.0070185185185185186 0.018222222222222223
0 0.36589351851851853 0.509212962962963 0.0054444444444444445 0.019435185185185184
0 0.37683333333333335 0.4977129629629629 0.004277777777777778 0.01625
0 0.3988055555555555 0.4827314814814815 0.003398148148148148 0.014564814814814815
0 0.4017037037037037 0.48259259259259263 0.002912037037037037 0.014046296296296296
0 0.41214814814814815 0.4721666666666667 0.0027731481481481483 0.012055555555555555
0 0.4141944444444444 0.4702222222222222 0.0024768518518518516 0.01038888888888889
0 0.29686574074074074 0.5035 0.0053287037037037036 0.015166666666666665
0 0.2548796296296296 0.6047407407407407 0.010078703703703704 0.033990740740740745
1 0.6498981481481482 0.6705 0.005532407407407407 0.01038888888888889
1 0.6659305555555556 0.706861111111111 0.006888888888888889 0.010842592592592593
1 0.4964398148148148 0.6626018518518518 0.005532407407407407 0.009481481481481481
1 0.33655092592592595 0.658537037037037 0.005083333333333334 0.008583333333333333
1 0.2510740740740741 0.6366296296296295 0.004629629629629629 0.009037037037037036
1 0.4842592592592593 0.49345370370370367 0.0025925925925925925 0.004944444444444444