0 0.3261388888888889 0.4882407407407407 0.005592592592592593 0.018055555555555554
0 0.4236111111111111 0.5519537037037037 0.006875 0.03037962962962963
0 0.44243518518518515 0.5928055555555556 0.012 0.03784259259259259
0 0.4524166666666667 0.47740740740740745 0.0033148148148148147 0.016509259259259258
0 0.4646111111111111 0.46225 0.0031574074074074074 0.012175925925925927
0 0.5008379629629629 0.45392592592592595 0.003125 0.010564814814814815
0 0.5243333333333333 0.4729907407407407 0.0037268518518518523 0.015175925925925926
0 0.5372175925925926 0.4595462962962963 0.002828703703703704 0.012916666666666667
0 0.542337962962963 0.45818518518518514 0.002888888888888889 0.012425925925925925
0 0.5388611111111111 0.508712962962963 0.004356481481481481 0.022000000000000002
0 0.547787037037037 0.5377407407407407 0.005268518518518519 0.02598148148148148
0 0.5594074074074074 0.5214814814814815 0.005175925925925926 0.024564814814814817
0 0.49650462962962966 0.532962962962963 0.004888888888888889 0.026935185185185184
0 0.5198981481481482 0.5502037037037038 0.005324074074074074 0.028435185185185185
0 0.6558611111111111 0.5661759259259259 0.009180555555555555 0.02962037037037037
0 0.8217453703703704 0.6041666666666666 0.01561111111111111 0.029388888888888888
0 0.6751203703703703 0.5190462962962964 0.0075694444444444455 0.019740740740740743
0 0.6534444444444445 0.4903888888888889 0.006148148148148148 0.014777777777777779
0 0.5940555555555556 0.4743981481481482 0.004180555555555555 0.013981481481481482
0 0.5855138888888889 0.5005740740740741 0.003824074074074074 0.019805555555555555
0 0.567087962962963 0.4787407407407407 0.004055555555555555 0.01612037037037037
0 0.5464861111111111 0.47945370370370366 0.003574074074074074 0.016537037037037038
0 0.47152777777777777 0.47800000000000004 0.0033055555555555555 0.016574074074074074
0 0.4431157407407407 0.493574074074074 0.005629629629629629 0.021037037037037035
1 0.5144675925925926 0.5609074074074074 0.0034537037037037036 0.0063518518518518524
1 0.9318518518518518 0.6391203703703704 0.010226851851851852 0.011000000000000001
1 0.7746805555555555 0.6954074074074074 0.00888425925925926 0.011851851851851853
1 0.44475 0.6356018518518519 0.0045138888888888885 0.009305555555555556