0 0.3677592592592593 0.49592592592592594 0.00437962962962963 0.01677777777777778
0 0.48076388888888894 0.4803518518518518 0.0025462962962962965 0.01475
0 0.47182870370370367 0.5339074074074074 0.006722222222222222 0.025703703703703704
0 0.528962962962963 0.5262962962962963 0.005115740740740741 0.026203703703703705
0 0.521837962962963 0.5030555555555555 0.004606481481481481 0.01888888888888889
0 0.5077222222222223 0.4849259259259259 0.003648148148148148 0.016046296296296295
0 0.5213657407407408 0.4635925925925926 0.0034583333333333332 0.012351851851851852
0 0.53525 0.484462962962963 0.004462962962962963 0.017175925925925928
0 0.5413009259259259 0.46585185185185185 0.0030277777777777777 0.011333333333333334
0 0.5677268518518518 0.46877777777777774 0.005439814814814815 0.01163888888888889
0 0.5661990740740741 0.4923796296296296 0.005148148148148147 0.017620370370370373
0 0.574787037037037 0.48545370370370367 0.006842592592592592 0.016694444444444446
0 0.584550925925926 0.47171296296296295 0.005763888888888889 0.011972222222222223
0 0.615087962962963 0.4832592592592592 0.0057546296296296295 0.014981481481481481
0 0.6104027777777777 0.5119722222222222 0.008050925925925927 0.02052777777777778
0 0.6228287037037037 0.5263333333333334 0.009930555555555555 0.023814814814814813
0 0.6569444444444444 0.5060370370370371 0.009574074074074073 0.01991666666666667
0 0.6645740740740741 0.5174814814814814 0.00889351851851852 0.020259259259259258
0 0.6616712962962963 0.5411666666666667 0.008550925925925925 0.023138888888888886
0 0.7042453703703704 0.5346759259259259 0.010773148148148148 0.02401851851851852
0 0.6797916666666666 0.48477777777777775 0.007240740740740741 0.014537037037037036
0 0.7042962962962963 0.5736481481481481 0.012657407407407407 0.029712962962962965
0 0.8098796296296296 0.5878518518518518 0.017185185185185185 0.029305555555555553
0 0.6083333333333333 0.48207407407407404 0.006087962962962963 0.013768518518518518
1 0.7834953703703703 0.62825 0.008657407407407407 0.013962962962962963
1 0.64975 0.67125 0.006699074074074074 0.012287037037037037
1 0.4961759259259259 0.6624537037037037 0.006143518518518519 0.012564814814814815
1 0.33694907407407404 0.6595185185185185 0.004606481481481481 0.010611111111111111
1 0.25060185185185185 0.6370462962962963 0.005865740740740741 0.009768518518518518