1 0.6377407407407407 0.7101203703703703 0.004300925925925926 0.009796296296296296
0 0.3144814814814815 0.504712962962963 0.005629629629629629 0.01626851851851852
0 0.45362962962962966 0.48684259259259255 0.0038425925925925928 0.015620370370370371
0 0.41506944444444444 0.5146851851851852 0.005356481481481482 0.01958333333333333
0 0.41437037037037033 0.5573796296296296 0.006648148148148148 0.02851851851851852
0 0.4713842592592593 0.5149722222222222 0.004083333333333334 0.022861111111111113
0 0.4608888888888889 0.5731574074074074 0.006787037037037037 0.03475925925925926
0 0.4544351851851852 0.5830833333333334 0.0057314814814814815 0.03575
0 0.48818518518518517 0.522712962962963 0.008333333333333333 0.023268518518518518
0 0.5147777777777778 0.47713888888888883 0.003351851851851852 0.014518518518518517
0 0.5267592592592593 0.47744444444444445 0.0036203703703703706 0.01512962962962963
0 0.5307685185185186 0.49761111111111106 0.004106481481481481 0.019925925925925927
0 0.5532175925925926 0.54525 0.00699537037037037 0.026324074074074073
0 0.5718472222222223 0.47019444444444447 0.003587962962962963 0.012472222222222223
0 0.599111111111111 0.47787962962962965 0.004259259259259259 0.014925925925925928
0 0.6002407407407407 0.5317962962962963 0.007328703703703704 0.024203703703703703
0 0.6134259259259259 0.5370185185185186 0.007587962962962963 0.027111111111111114
0 0.616037037037037 0.5698333333333333 0.011458333333333333 0.03133333333333334
0 0.6346064814814815 0.5095833333333334 0.006592592592592593 0.021777777777777778
0 0.6474074074074074 0.5190925925925925 0.008763888888888889 0.02087962962962963
0 0.6662314814814815 0.49778703703703703 0.006291666666666667 0.018657407407407407
0 0.6825324074074074 0.48522222222222217 0.006037037037037037 0.015592592592592592
0 0.769175925925926 0.6128796296296296 0.01722685185185185 0.03610185185185185
0 0.7935277777777777 0.571462962962963 0.013421296296296296 0.02813888888888889