0 0.7353796296296297 0.6025555555555555 0.01877777777777778 0.03546296296296296
0 0.6777129629629629 0.49395370370370373 0.006675925925925926 0.01662962962962963
0 0.639 0.5106759259259259 0.007347222222222222 0.018898148148148147
0 0.6237175925925926 0.513962962962963 0.008347222222222223 0.021055555555555553
0 0.6114074074074074 0.5122685185185185 0.00812037037037037 0.02173148148148148
0 0.600763888888889 0.4902129629629629 0.007064814814814815 0.016925925925925928
0 0.5869398148148148 0.5019814814814815 0.007268518518518518 0.01574074074074074
0 0.5819814814814814 0.5002592592592592 0.007726851851851853 0.016694444444444446
0 0.5612037037037038 0.4704907407407407 0.005032407407407407 0.014435185185185185
0 0.5900601851851852 0.5589444444444445 0.012050925925925927 0.029416666666666667
0 0.5299351851851852 0.5074722222222222 0.0071342592592592595 0.023657407407407408
0 0.5094583333333333 0.48510185185185184 0.004087962962962963 0.018657407407407407
0 0.5097638888888889 0.4617685185185185 0.004703703703703704 0.01425
0 0.5004027777777778 0.4743888888888889 0.004231481481481482 0.01588888888888889
0 0.48396296296296293 0.4910925925925926 0.006291666666666667 0.019703703703703706
0 0.39255555555555555 0.5428518518518518 0.0062824074074074076 0.029555555555555557
0 0.4192453703703704 0.5291666666666667 0.007486111111111112 0.026555555555555554
0 0.40114351851851854 0.5058055555555555 0.006861111111111111 0.022231481481481484
0 0.41112037037037036 0.4991759259259259 0.006513888888888889 0.023814814814814813
0 0.4232824074074074 0.4757314814814814 0.005763888888888889 0.018250000000000002
0 0.4202592592592593 0.4733055555555556 0.004342592592592593 0.016037037037037037
0 0.44381018518518517 0.4617777777777778 0.0044444444444444444 0.012592592592592593
0 0.45369907407407406 0.46425 0.004273148148148148 0.013296296296296296
0 0.3238055555555555 0.4809444444444444 0.005768518518518519 0.018064814814814815
1 0.9321157407407407 0.6389444444444444 0.011888888888888888 0.013666666666666667
1 0.7746111111111111 0.6955555555555556 0.009212962962962963 0.012777777777777779
1 0.6581018518518519 0.6563425925925926 0.005638888888888889 0.010564814814814815
1 0.44489814814814815 0.6360277777777777 0.004347222222222223 0.009398148148148149
1 0.5869907407407408 0.5094259259259258 0.0028333333333333335 0.004342592592592593