0 0.3226898148148148 0.4810925925925926 0.006078703703703704 0.016333333333333335
0 0.31119444444444444 0.49059259259259264 0.004810185185185186 0.014861111111111111
0 0.3408148148148148 0.4706759259259259 0.003398148148148148 0.01273148148148148
0 0.34794444444444445 0.47182407407407406 0.0077546296296296295 0.011212962962962963
0 0.37183796296296295 0.4966574074074074 0.006833333333333334 0.01962037037037037
0 0.3962777777777778 0.46978703703703706 0.005310185185185185 0.015055555555555556
0 0.39905092592592595 0.46043518518518517 0.002662037037037037 0.008648148148148148
0 0.40244444444444444 0.46349999999999997 0.002912037037037037 0.012796296296296297
0 0.42616203703703703 0.4542777777777778 0.002675925925925926 0.01025
0 0.42569444444444443 0.4623703703703704 0.0034444444444444444 0.011861111111111112
0 0.4549074074074074 0.4751018518518519 0.0040416666666666665 0.01525
0 0.45831944444444445 0.47200925925925924 0.004097222222222222 0.016444444444444446
0 0.4741481481481482 0.4562685185185185 0.0027824074074074075 0.010435185185185184
0 0.4780138888888889 0.4648611111111111 0.0029768518518518516 0.012611111111111111
0 0.4765324074074074 0.5075185185185185 0.004120370370370371 0.017277777777777777
0 0.4848935185185185 0.45846296296296296 0.002949074074074074 0.012148148148148148
0 0.5000740740740741 0.4568333333333333 0.0031296296296296293 0.011074074074074075
0 0.5081805555555556 0.4609166666666667 0.002175925925925926 0.013851851851851853
0 0.5122083333333333 0.4696388888888889 0.0027731481481481483 0.013842592592592592
0 0.5196944444444445 0.47309259259259256 0.002759259259259259 0.01662037037037037
0 0.513425925925926 0.4602314814814815 0.0022962962962962963 0.0115
0 0.627699074074074 0.4829907407407407 0.004300925925925926 0.014972222222222224
0 0.5165925925925926 0.5072777777777778 0.006759259259259259 0.025138888888888888
0 0.6386712962962963 0.5999537037037037 0.012282407407407409 0.03537037037037037
1 0.4438796296296296 0.636 0.004458333333333334 0.010138888888888888