0 0.3756805555555556 0.4734259259259259 0.0037824074074074075 0.01573148148148148
0 0.4736064814814815 0.5004444444444445 0.005689814814814814 0.020314814814814817
0 0.4774629629629629 0.5273333333333333 0.006453703703703704 0.02636111111111111
0 0.4800046296296296 0.46274074074074073 0.0032916666666666667 0.013462962962962963
0 0.4848148148148148 0.45775925925925925 0.002972222222222222 0.011814814814814814
0 0.4869953703703704 0.47349074074074077 0.0033703703703703704 0.015944444444444445
0 0.5008657407407406 0.47755555555555557 0.004310185185185185 0.01437037037037037
0 0.5285833333333333 0.46100925925925923 0.0023842592592592596 0.011685185185185184
0 0.5334907407407407 0.4651666666666667 0.0035185185185185185 0.011962962962962963
0 0.5391759259259259 0.47259259259259256 0.0038749999999999995 0.014935185185185185
0 0.5760416666666667 0.4630185185185185 0.0027222222222222222 0.009768518518518518
0 0.5787268518518518 0.46123148148148146 0.003439814814814815 0.009898148148148147
0 0.5843981481481482 0.47190740740740744 0.0034583333333333332 0.013574074074074073
0 0.5715601851851851 0.46935185185185185 0.004675925925925925 0.01312037037037037
0 0.5684166666666667 0.4872222222222223 0.005597222222222222 0.01962962962962963
0 0.56425 0.5189351851851852 0.0059398148148148144 0.02163888888888889
0 0.5781388888888889 0.5542777777777778 0.009152777777777777 0.030898148148148147
0 0.6023472222222221 0.48114814814814816 0.0037685185185185187 0.015120370370370369
1 0.543074074074074 0.4669537037037037 0.0019305555555555556 0.004092592592592592
0 0.6614629629629629 0.48483333333333334 0.005106481481481481 0.012962962962962963
0 0.6800138888888888 0.5154722222222222 0.007060185185185185 0.021277777777777777
0 0.5259722222222222 0.4729537037037037 0.0031990740740740742 0.015851851851851853
0 0.5112731481481481 0.4514722222222222 0.0022222222222222222 0.008916666666666668
0 0.48550462962962965 0.45639814814814816 0.0022175925925925926 0.010203703703703703
0 0.863662037037037 0.6019166666666668 0.01750925925925926 0.02659259259259259
0 0.4828703703703704 0.44872222222222224 0.0027685185185185187 0.009037037037037036