0 0.3221851851851852 0.48400000000000004 0.005657407407407408 0.020277777777777777
0 0.40635185185185185 0.4687037037037037 0.0039259259259259265 0.016083333333333335
0 0.41167592592592595 0.4867962962962963 0.003921296296296297 0.01812037037037037
0 0.38586574074074076 0.5096666666666667 0.006810185185185186 0.022953703703703702
0 0.37353240740740745 0.5123425925925926 0.006476851851851852 0.025268518518518517
0 0.4264953703703704 0.49074074074074076 0.004726851851851852 0.016925925925925928
1 0.4571296296296296 0.4819166666666667 0.00275462962962963 0.0034444444444444444
0 0.46638888888888885 0.4559351851851852 0.00375 0.011712962962962963
0 0.46974537037037034 0.4692777777777778 0.004101851851851851 0.01301851851851852
0 0.47027777777777774 0.47780555555555554 0.003736111111111111 0.013870370370370371
0 0.4626018518518519 0.47497222222222224 0.0038379629629629627 0.016824074074074075
0 0.45587037037037037 0.5012592592592593 0.006032407407407407 0.019777777777777776
0 0.440375 0.5121851851851852 0.004819444444444445 0.023824074074074074
0 0.45469444444444446 0.5266111111111111 0.005347222222222223 0.028435185185185185
0 0.4370509259259259 0.5769074074074073 0.00976388888888889 0.03203703703703704
1 0.4443796296296296 0.6363518518518518 0.003574074074074074 0.007722222222222222
0 0.493537037037037 0.4818888888888889 0.0031898148148148146 0.018537037037037036
0 0.5095648148148149 0.4558148148148148 0.0024814814814814816 0.010712962962962964
0 0.5183657407407408 0.46368518518518514 0.0020833333333333333 0.011694444444444445
0 0.5119074074074074 0.46814814814814815 0.0028703703703703703 0.012648148148148148
0 0.5232777777777777 0.4751296296296296 0.0033796296296296296 0.01336111111111111
0 0.5205138888888888 0.4909351851851852 0.005439814814814815 0.020712962962962964
0 0.5083564814814815 0.4945462962962963 0.006569444444444445 0.019601851851851853
0 0.5201296296296296 0.5220740740740741 0.0056157407407407415 0.026175925925925925
0 0.5896064814814814 0.6009074074074074 0.01000925925925926 0.03797222222222222
0 0.6330833333333333 0.4880462962962963 0.004203703703703703 0.016453703703703703