0 0.5056481481481482 0.5976018518518518 0.00873148148148148 0.042527777777777775
0 0.6013657407407408 0.48731481481481476 0.005810185185185186 0.017055555555555556
0 0.48097222222222225 0.4827962962962963 0.004356481481481481 0.018694444444444444
0 0.47939814814814813 0.46520370370370373 0.0032453703703703702 0.013842592592592592
0 0.4690740740740741 0.4641296296296296 0.0032638888888888887 0.014759259259259258
0 0.45363888888888887 0.500175925925926 0.004773148148148149 0.02287962962962963
0 0.43480555555555556 0.4998703703703704 0.004231481481481482 0.02138888888888889
0 0.43387037037037035 0.4635277777777778 0.0038101851851851855 0.01312037037037037
0 0.4226388888888889 0.4943148148148148 0.005430555555555556 0.019240740740740742
0 0.4239351851851852 0.5136666666666666 0.004902777777777778 0.023925925925925927
0 0.4193148148148148 0.5343425925925926 0.0061574074074074074 0.02790740740740741
0 0.4174351851851852 0.4951851851851851 0.005337962962962963 0.018583333333333334
0 0.41708796296296297 0.48187037037037034 0.004212962962962963 0.016824074074074075
0 0.3973657407407407 0.4616574074074074 0.0030277777777777777 0.013305555555555555
0 0.3778472222222222 0.5123148148148148 0.007796296296296296 0.022916666666666665
0 0.34074074074074073 0.5009166666666667 0.007120370370370371 0.019120370370370367
0 0.3480648148148148 0.5419074074074074 0.010379629629629631 0.02666666666666667
0 0.33922222222222226 0.5407685185185185 0.007958333333333335 0.027648148148148147
0 0.2928935185185185 0.5132962962962964 0.007777777777777778 0.02178703703703704
0 0.31124999999999997 0.48588888888888887 0.005537037037037037 0.01675
0 0.2593333333333333 0.49398148148148147 0.007296296296296296 0.018212962962962966
0 0.14899074074074073 0.5847685185185185 0.017722222222222223 0.030462962962962963
0 0.17283333333333334 0.5594259259259259 0.012541666666666666 0.027731481481481482
0 0.22205555555555556 0.5494907407407408 0.010486111111111111 0.024175925925925927
1 0.9317314814814814 0.6385925925925926 0.010810185185185187 0.011972222222222223
1 0.7749305555555556 0.6953425925925926 0.008782407407407407 0.011972222222222223