0 0.5589120370370371 0.4762407407407408 0.003537037037037037 0.014277777777777778
0 0.5464629629629629 0.4750555555555555 0.003449074074074074 0.01838888888888889
0 0.5246435185185185 0.46769444444444447 0.003231481481481482 0.01274074074074074
0 0.5197962962962963 0.4664259259259259 0.003171296296296296 0.012425925925925925
0 0.5052916666666667 0.46275 0.0023425925925925923 0.010722222222222222
0 0.502787037037037 0.46066666666666667 0.0026527777777777778 0.011259259259259259
0 0.4996574074074074 0.4608703703703704 0.0029629629629629632 0.011175925925925926
0 0.4824027777777778 0.4834351851851852 0.0034999999999999996 0.015435185185185187
0 0.4795740740740741 0.47400000000000003 0.003541666666666667 0.013157407407407408
0 0.47253703703703703 0.4736296296296296 0.002587962962962963 0.012407407407407407
0 0.46756018518518516 0.4640462962962963 0.002300925925925926 0.011574074074074073
0 0.4699027777777778 0.4609814814814815 0.0019814814814814816 0.008379629629629631
0 0.44416203703703705 0.4735277777777778 0.003203703703703704 0.012925925925925928
0 0.43398148148148147 0.47625925925925927 0.0030185185185185185 0.01375925925925926
0 0.4105185185185185 0.4906018518518519 0.0034583333333333332 0.016064814814814816
0 0.2193240740740741 0.6890277777777778 0.020041666666666666 0.04262962962962963
0 0.28627314814814814 0.6438425925925926 0.015018518518518518 0.03849074074074074
0 0.30218055555555556 0.7026666666666667 0.020828703703703703 0.04184259259259259
0 0.3225972222222222 0.6953611111111111 0.01375 0.050509259259259254
0 0.3393101851851852 0.6294722222222222 0.011245370370370369 0.035759259259259255
0 0.41653703703703704 0.7375648148148148 0.016847222222222222 0.056212962962962965
0 0.5315925925925926 0.7067592592592592 0.009828703703703704 0.056185185185185185
0 0.7985138888888889 0.6187222222222223 0.01683796296296296 0.03607407407407408
1 0.7836481481481482 0.6278425925925927 0.00900462962962963 0.012351851851851852
1 0.649712962962963 0.6723611111111111 0.007717592592592594 0.011833333333333333
1 0.49674074074074076 0.662324074074074 0.007976851851851851 0.012351851851851852
1 0.25075000000000003 0.6372685185185185 0.005787037037037037 0.011212962962962963