1 0.24525462962962963 0.5180833333333333 0.0038425925925925928 0.006740740740740741
0 0.2678935185185185 0.4911296296296296 0.006856481481481482 0.01485185185185185
0 0.2616111111111111 0.5079259259259259 0.005736111111111111 0.016833333333333332
0 0.2824027777777778 0.5037499999999999 0.00525 0.01837037037037037
0 0.22675925925925927 0.5409259259259259 0.010694444444444446 0.02358333333333333
0 0.31105555555555553 0.5396296296296296 0.00962962962962963 0.02375
0 0.3270648148148148 0.4781296296296296 0.005699074074074074 0.012157407407407408
0 0.354287037037037 0.47147222222222224 0.005430555555555556 0.011481481481481481
0 0.35173611111111114 0.4968425925925926 0.006657407407407408 0.01837037037037037
0 0.406 0.4985 0.005555555555555556 0.0205
0 0.40831481481481485 0.465212962962963 0.004462962962962963 0.013175925925925926
0 0.469287037037037 0.4697037037037037 0.0029629629629629632 0.015055555555555556
0 0.5829953703703704 0.48118518518518516 0.004458333333333334 0.017277777777777777
0 0.49583333333333335 0.4941851851851852 0.00438425925925926 0.021296296296296296
0 0.4724861111111111 0.469287037037037 0.002888888888888889 0.015398148148148147
0 0.43639351851851854 0.46208333333333335 0.004560185185185185 0.012027777777777778
0 0.3917175925925926 0.4602685185185185 0.0036435185185185186 0.010129629629629629
0 0.39018055555555553 0.4966944444444444 0.005143518518518519 0.018666666666666668
0 0.3641759259259259 0.5406296296296296 0.00836111111111111 0.02875
0 0.24515277777777778 0.5431111111111111 0.00900462962962963 0.021814814814814815
0 0.24385185185185188 0.5135462962962963 0.006861111111111111 0.01576851851851852
0 0.32602314814814815 0.49341666666666667 0.00823611111111111 0.015342592592592593
0 0.3516018518518519 0.4762407407407408 0.006458333333333333 0.012555555555555556
0 0.426375 0.4835092592592593 0.007041666666666667 0.019240740740740742
0 0.5069398148148149 0.5965555555555555 0.007777777777777778 0.03754629629629629